1.518610 -0.562250 0.232053 -1.169590 1.913910 0.808997 1.034820 -0.659563 1.224880 0.251717 0.362177 1.847920 1.013010 1 0 0 0 0 0 0 0 0 0 0 0 0 0 0 0 0 0 0 0 0 0 0 0 0 0 0 0 0 0 0 0 0 0 0 0 0 0 0 0 0 0 0 0 0 0 0 0 0 0 0 0 0 0 0 0 0 0 0 0 0 0 0 0 0 0 0 0 0 0 0 0 0 0 0 0 0 0 0 0 0 0 0 0 0 0 0 0 0 0 0 0 0 0 0 0 0 0 0 0 0 0 0 0 0 0 0 0 0 0 0 0 0 0 0 
0.246290 -0.499413 -0.827996 -2.490850 0.018145 0.568648 0.733629 -0.820719 -0.544721 -0.293321 0.406051 1.113450 0.965242 1 0 0 0 0 0 0 0 0 0 0 0 0 0 0 0 0 0 0 0 0 0 0 0 0 0 1 0 0 0 0 0 0 0 0 0 0 0 0 1 0 0 0 0 0 0 0 0 0 0 0 0 0 0 0 0 0 0 0 0 1 0 0 0 0 0 0 0 0 0 1 0 0 0 0 0 0 0 0 1 0 0 0 0 0 0 0 0 0 0 0 0 0 0 0 1 0 0 1 1 0 1 0 0 0 0 0 1 0 0 0 1 1 1 0 
0.196879 0.021231 1.109330 -0.268738 0.088358 0.808997 1.215530 -0.498407 2.135970 0.269020 0.318304 0.788587 1.395150 1 0 0 0 0 0 0 0 0 0 0 0 0 0 0 0 0 0 0 0 0 0 0 0 0 0 0 0 0 0 0 0 0 0 0 0 0 0 0 0 0 0 0 0 0 0 0 0 0 0 0 0 0 0 0 0 0 0 0 0 0 0 0 0 0 0 0 0 0 0 0 0 0 0 0 0 0 0 0 0 0 0 0 0 0 0 0 0 0 0 0 0 0 0 1 1 0 1 2 0 0 0 0 0 0 0 0 0 0 0 0 0 0 2 0 
1.691550 -0.346811 0.487926 -0.809251 0.930918 2.491450 1.466520 -0.981875 1.032150 1.186070 -0.427544 1.184070 2.334570 1 0 0 0 0 0 0 1 0 0 0 0 0 0 0 0 1 0 1 0 0 1 0 0 0 0 2 0 0 0 0 1 0 0 0 0 0 0 0 2 0 0 0 0 0 0 1 0 0 1 0 0 0 0 1 0 1 0 0 0 2 0 0 0 0 0 0 0 0 1 2 0 0 0 0 1 0 0 0 2 1 0 0 0 0 0 0 0 0 0 0 0 1 1 2 2 0 2 3 2 0 2 1 0 1 0 0 0 1 0 1 2 2 3 0 
0.295700 0.227694 1.840400 0.451946 1.281990 0.808997 0.663351 0.226796 0.401404 -0.319276 0.362177 0.449601 -0.037874 1 0 0 0 0 0 0 0 0 0 0 0 0 0 0 0 0 0 0 0 0 0 0 0 0 0 1 0 0 0 0 0 0 0 0 0 0 0 0 1 0 0 0 0 0 0 0 0 0 0 0 0 0 0 0 0 0 0 0 0 1 0 0 0 0 0 0 0 0 0 1 0 0 0 0 0 0 0 0 1 0 0 0 0 0 0 0 0 0 0 0 0 0 2 0 1 0 0 1 3 0 3 0 0 0 0 0 1 0 0 0 1 1 1 0 
1.481550 -0.517367 0.305159 -1.289710 0.860705 1.562090 1.366130 -0.176095 0.664217 0.731870 0.406051 0.336606 2.239040 1 0 0 0 0 0 0 1 0 0 0 0 0 0 0 0 1 0 1 0 0 1 0 0 0 0 2 0 0 0 0 1 0 0 0 0 0 0 0 2 0 0 0 0 0 0 1 0 0 1 0 0 0 0 1 0 1 0 0 0 2 0 0 0 0 0 0 0 0 1 2 0 0 0 0 1 0 0 0 2 1 0 0 0 0 0 0 0 0 0 0 0 1 1 2 2 0 2 3 2 0 2 1 0 1 0 0 0 1 0 1 2 2 3 0 
1.716250 -0.418624 0.305159 -1.469880 -0.262708 0.328298 0.492677 -0.498407 0.681738 0.083015 0.274431 1.367690 1.729520 1 0 0 0 0 0 0 0 0 0 0 0 0 0 0 0 0 0 0 0 0 0 0 0 0 0 1 0 0 0 0 0 0 0 0 0 0 0 0 1 0 0 0 0 0 0 0 0 0 0 0 0 0 0 0 0 0 0 0 0 1 0 0 0 0 0 0 0 0 0 1 0 0 0 0 0 0 0 0 1 0 0 0 0 0 0 0 0 0 0 0 0 0 0 0 1 0 0 1 1 0 3 0 0 0 0 0 1 0 0 0 1 1 1 0 
1.308620 -0.167278 0.890014 -0.569023 1.492630 0.488531 0.482637 -0.417829 -0.597284 -0.003499 0.449924 1.367690 1.745440 1 0 0 0 0 0 0 0 0 0 0 0 0 1 0 0 2 0 2 0 0 0 0 0 0 0 3 0 0 0 0 0 0 0 0 0 0 0 0 3 1 0 0 0 0 0 2 0 0 0 0 0 0 0 2 0 2 0 0 0 3 0 0 0 0 0 0 0 0 0 3 0 0 0 0 2 0 0 0 3 0 0 0 0 0 0 0 0 0 0 0 0 0 2 0 1 0 3 2 3 0 4 0 0 0 0 0 2 0 0 0 3 3 1 0 
2.259770 -0.625086 -0.718336 -1.650050 -0.192495 0.808997 0.954502 -0.578985 0.681738 0.061386 0.537671 0.336606 0.949319 1 0 0 0 0 0 0 0 0 0 0 0 0 0 0 0 0 0 0 0 0 0 0 0 0 0 1 0 0 0 0 0 0 0 0 0 0 0 0 1 0 0 0 0 0 0 0 0 0 0 0 0 0 0 0 0 0 0 0 0 1 0 0 0 0 0 0 0 0 0 1 0 0 0 0 0 0 0 0 1 0 0 0 0 0 0 0 0 0 0 0 0 0 0 0 1 0 0 1 1 0 3 0 0 0 0 0 1 0 0 0 1 1 1 0 
1.061560 -0.885409 -0.352802 -1.049480 -0.122282 1.097420 1.125180 -1.143030 0.453967 0.935177 0.230557 1.325320 0.949319 1 0 0 0 0 0 0 0 0 0 0 0 0 0 0 0 0 0 0 0 0 0 0 0 0 0 0 0 0 0 0 0 0 0 0 0 0 0 0 0 0 0 0 0 0 0 0 0 0 0 0 0 0 0 0 0 0 0 0 0 0 0 0 0 0 0 0 0 0 0 0 0 0 0 0 0 0 0 0 0 0 0 0 0 0 0 0 0 0 0 0 0 0 0 0 0 0 0 0 0 0 0 0 0 0 0 0 0 0 0 0 0 0 0 0 
1.358030 -0.158301 -0.243142 -0.448909 0.369212 1.049350 1.295850 -1.143030 1.382570 0.299300 1.283520 0.788587 2.430110 1 0 0 0 0 0 0 1 0 0 0 0 0 0 0 0 1 0 1 0 0 1 0 0 0 0 2 0 0 0 0 1 0 0 0 0 0 0 0 2 0 0 0 0 0 0 1 0 0 1 0 0 0 0 1 0 1 0 0 0 2 0 0 0 0 0 0 0 0 1 2 0 0 0 0 1 0 0 0 2 1 0 0 0 0 0 0 0 0 0 0 0 1 1 2 2 0 2 3 2 0 2 1 0 1 0 0 0 1 0 1 2 2 3 0 
1.382730 -0.768712 -0.170035 -0.809251 -0.332922 -0.152402 0.402320 -0.820719 -0.036617 -0.025128 0.932531 0.294232 1.697680 1 0 0 0 0 0 0 0 0 0 0 0 0 0 0 0 0 0 0 0 0 0 0 0 0 0 1 0 0 0 0 0 0 0 0 0 0 0 0 1 0 0 0 0 0 0 0 0 0 0 0 0 0 0 0 0 0 0 0 0 1 0 0 0 0 0 0 0 0 0 1 0 0 0 0 0 0 0 0 1 0 0 0 0 0 0 0 0 0 0 0 0 0 0 0 1 0 0 1 1 0 1 0 0 0 0 0 1 0 0 0 1 1 1 0 
0.925685 -0.544297 0.158946 -1.049480 -0.754202 0.488531 0.733629 -0.578985 0.383884 0.234414 0.844785 0.407228 1.825050 1 0 0 0 0 0 0 0 0 0 0 0 0 0 0 0 0 0 0 0 0 0 0 0 0 0 1 0 0 0 0 0 0 0 0 0 0 0 0 1 0 0 0 0 0 0 0 0 0 0 0 0 0 0 0 0 0 0 0 0 1 0 0 0 0 0 0 0 0 0 1 0 0 0 0 0 0 0 0 1 0 0 0 0 0 0 0 0 0 0 0 0 0 0 0 1 0 0 1 1 0 3 0 0 0 0 0 1 0 0 0 1 1 1 0 
2.160950 -0.544297 0.085839 -2.430790 -0.613775 1.289700 1.667320 0.549108 2.135970 0.147900 1.283520 0.167113 1.283690 1 0 0 0 0 0 0 1 0 0 0 0 0 0 0 0 1 0 1 0 0 1 0 0 0 0 2 0 0 0 0 1 0 0 0 0 0 0 0 2 0 0 0 0 0 0 1 0 0 1 0 0 0 0 1 0 1 0 0 0 2 0 0 0 0 0 0 0 0 1 2 0 0 0 0 1 0 0 0 2 1 0 0 0 0 0 0 0 0 0 0 0 1 1 2 2 0 2 3 2 0 2 1 0 1 0 0 0 1 0 1 2 2 3 0 
1.703900 -0.418624 0.049286 -2.250620 0.158572 1.610160 1.617120 -0.578985 2.398780 1.056300 1.064150 0.548472 2.547930 1 0 0 0 0 0 0 1 0 0 0 0 0 0 0 0 1 0 1 0 0 1 0 0 0 0 2 0 0 0 0 1 0 0 0 0 0 0 0 2 0 0 0 0 0 0 1 0 0 1 0 0 0 0 1 0 1 0 0 0 2 0 0 0 0 0 0 0 0 1 2 0 0 0 0 1 0 0 0 2 1 0 0 0 0 0 0 0 0 0 0 0 1 1 2 2 0 2 3 2 0 2 1 0 1 0 0 0 1 0 1 2 2 3 0 
0.777454 -0.472483 1.218990 -0.689137 0.860705 0.889114 0.884224 -0.498407 -0.229346 0.969783 1.415140 0.378979 1.793210 1 0 0 0 0 0 0 0 0 0 0 0 0 1 0 0 2 0 2 0 0 0 0 0 0 0 3 0 0 0 0 0 0 0 0 0 0 0 0 3 1 0 0 0 0 0 2 0 0 0 0 0 0 0 2 0 2 0 0 0 3 0 0 0 0 0 0 0 0 0 3 0 0 0 0 2 0 0 0 3 0 0 0 0 0 0 0 0 0 0 0 0 0 2 0 1 0 3 2 3 0 4 0 0 0 0 0 2 0 0 0 3 3 1 0 
1.605080 -0.373741 1.292100 0.151661 1.422410 0.808997 1.115140 -0.256673 0.664217 0.493956 0.493797 0.054117 1.697680 1 0 0 0 0 0 0 0 0 0 0 0 0 1 0 0 2 0 2 0 0 0 0 0 0 0 3 0 0 0 0 0 0 0 0 0 0 0 0 3 1 0 0 0 0 0 2 0 0 0 0 0 0 0 2 0 2 0 0 0 3 0 0 0 0 0 0 0 0 0 3 0 0 0 0 2 0 0 0 3 0 0 0 0 0 0 0 0 0 0 0 0 0 2 0 1 0 3 2 3 0 4 0 0 0 0 0 2 0 0 0 3 3 1 0 
1.024510 -0.687923 0.926567 0.151661 1.071350 1.049350 1.376170 0.307374 0.226196 0.666984 0.757038 -0.058878 1.220000 1 0 0 0 0 0 0 0 0 0 0 0 0 1 0 0 2 0 2 0 0 0 0 0 0 0 3 0 0 0 0 0 0 0 0 0 0 0 0 3 1 0 0 0 0 0 2 0 0 0 0 0 0 0 2 0 2 0 0 0 3 0 0 0 0 0 0 0 0 0 3 0 0 0 0 2 0 0 0 3 0 0 0 0 0 0 0 0 0 0 0 0 0 2 0 1 0 3 2 3 0 4 0 0 0 0 0 2 0 0 0 3 3 1 0 
1.469200 -0.669969 0.414820 -0.899337 0.579852 1.610160 1.908270 -0.337251 0.471488 1.575380 1.195770 0.294232 2.971470 1 0 0 0 0 0 0 1 0 0 0 0 0 0 0 0 1 0 1 0 0 1 0 0 0 0 2 0 0 0 0 1 0 0 0 0 0 0 0 2 0 0 0 0 0 0 1 0 0 1 0 0 0 0 1 0 1 0 0 0 2 0 0 0 0 0 0 0 0 1 2 0 0 0 0 1 0 0 0 2 1 0 0 0 0 0 0 0 0 0 0 0 1 1 2 2 0 2 3 2 0 2 1 0 1 0 0 0 1 0 1 2 2 3 0 
0.789806 0.685502 0.707247 -1.289710 1.141560 0.648764 1.004700 -1.545920 0.121071 0.018129 0.011190 1.056950 0.312420 1 0 0 0 0 0 0 0 0 0 0 0 0 2 0 0 3 0 3 0 0 2 0 0 0 0 4 0 1 0 0 2 0 0 0 1 0 0 0 4 2 1 0 1 0 0 3 0 1 2 0 0 0 0 3 0 3 0 0 1 4 0 0 0 0 0 0 0 0 0 4 0 0 0 0 3 0 0 0 4 2 0 0 0 0 0 0 0 0 0 0 0 2 3 3 3 0 4 4 4 0 5 2 0 2 0 0 3 2 0 2 4 4 4 0 
1.308620 -0.634063 -0.316249 -1.049480 1.843690 1.129460 1.145260 -0.981875 0.891988 0.256043 0.581544 1.551310 0.105428 1 0 0 0 0 0 0 0 0 0 0 0 0 0 0 0 0 0 0 0 0 0 0 0 0 0 0 0 0 0 0 0 0 0 0 0 0 0 0 0 0 0 0 0 0 0 0 0 0 0 0 0 0 0 0 0 0 0 0 0 0 0 0 0 0 0 0 0 0 0 0 0 0 0 0 0 0 0 0 0 0 0 0 0 0 0 0 0 0 0 0 0 0 0 0 0 0 0 0 0 0 0 0 0 0 0 0 0 0 0 0 0 0 0 0 
-0.087232 1.313870 1.036230 -0.268738 0.158572 0.184088 0.382241 -0.901297 0.681738 -0.241413 0.318304 1.282940 0.073583 1 0 0 0 0 0 0 0 0 0 0 0 0 2 0 0 3 0 3 0 0 2 0 0 0 0 4 0 1 0 0 2 0 0 0 1 0 0 0 4 2 1 0 1 0 0 3 0 1 2 0 0 0 0 3 0 3 0 0 1 4 0 0 0 0 0 0 0 0 0 4 0 0 0 0 3 0 0 0 4 2 0 0 0 0 0 0 0 0 0 0 0 2 3 3 3 0 4 4 4 0 5 2 0 2 0 0 3 2 0 2 4 4 4 0 
0.876275 -0.427600 -0.023821 -0.869308 0.088358 0.504554 0.854105 -0.740141 0.173634 -0.544212 0.669291 1.960910 0.917474 1 0 0 0 0 0 0 0 0 0 0 0 0 0 0 0 0 0 0 0 0 0 0 0 0 0 1 0 0 0 0 0 0 0 0 0 0 0 0 1 0 0 0 0 0 0 0 0 0 0 0 0 0 0 0 0 0 0 0 0 1 0 0 0 0 0 0 0 0 0 1 0 0 0 0 0 0 0 0 1 0 0 0 0 0 0 0 0 0 0 0 0 0 0 0 1 0 0 1 1 0 3 0 0 0 0 0 1 0 0 0 1 1 1 0 
-0.186053 -0.660993 0.561033 -0.508966 -0.332922 0.296251 0.342082 -0.820719 -0.229346 -0.487978 0.581544 1.438310 0.853784 1 0 0 0 0 0 0 0 0 0 0 0 0 0 0 0 0 0 0 0 0 0 0 0 0 0 1 0 0 0 0 0 0 0 0 0 0 0 0 1 0 0 0 0 0 0 0 0 0 0 0 0 0 0 0 0 0 0 0 0 1 0 0 0 0 0 0 0 0 0 1 0 0 0 0 0 0 0 0 1 0 0 0 0 0 0 0 0 0 0 0 0 0 0 0 1 0 0 1 1 0 3 0 0 0 0 0 1 0 0 0 1 1 1 0 
0.616869 -0.472483 0.890014 0.151661 -0.262708 0.376368 0.583034 -0.659563 0.121071 -0.665332 0.713164 1.706680 0.312420 1 0 0 0 0 0 0 0 0 0 0 0 0 0 0 0 0 0 0 0 0 0 0 0 0 0 1 0 0 0 0 0 0 0 0 0 0 0 0 1 0 0 0 0 0 0 0 0 0 0 0 0 0 0 0 0 0 0 0 0 1 0 0 0 0 0 0 0 0 0 1 0 0 0 0 0 0 0 0 1 0 0 0 0 0 0 0 0 0 0 0 0 0 0 0 1 0 0 1 1 0 3 0 0 0 0 0 1 0 0 0 1 1 1 0 
0.061000 -0.257044 3.119770 1.653090 1.703270 0.536601 0.653312 0.871420 0.576613 -0.639377 0.757038 0.830961 0.264653 1 0 0 0 0 1 1 2 1 1 1 1 0 3 0 1 4 1 4 0 0 3 1 1 0 1 5 0 2 1 1 3 1 1 1 2 1 0 1 5 3 2 1 2 0 1 4 0 2 3 0 0 0 1 4 1 4 1 0 2 5 1 0 1 1 0 0 1 1 2 5 1 1 0 1 4 0 1 1 5 3 1 1 0 1 0 0 0 1 0 0 0 3 4 4 4 1 5 5 5 1 6 3 1 3 1 1 4 3 1 3 5 5 5 1 
0.480990 -0.508390 0.926567 -1.019450 -0.473348 0.889114 0.914343 -0.176095 -0.246867 -0.111642 -0.164303 0.859210 1.426990 1 0 0 0 0 0 0 0 0 0 0 0 0 0 0 0 0 0 0 0 0 0 0 0 0 0 1 0 0 0 0 0 0 0 0 0 0 0 0 1 0 0 0 0 0 0 0 0 0 0 0 0 0 0 0 0 0 0 0 0 1 0 0 0 0 0 0 0 0 0 1 0 0 0 0 0 0 0 0 1 0 0 0 0 0 0 0 0 0 0 0 0 0 0 0 1 0 0 1 1 0 3 0 0 0 0 0 1 0 0 0 1 1 1 0 
0.369816 -0.553273 -0.827996 -0.749194 -0.403135 0.168065 0.161368 -0.740141 -0.422075 -0.479326 0.274431 0.223610 1.713600 1 0 0 0 0 0 0 0 0 0 0 0 0 0 0 0 0 0 0 0 0 0 0 0 0 0 1 0 0 0 0 0 0 0 0 0 0 0 0 1 0 0 0 0 0 0 0 0 0 0 0 0 0 0 0 0 0 0 0 0 1 0 0 0 0 0 0 0 0 0 1 0 0 0 0 0 0 0 0 1 0 0 0 0 0 0 0 0 0 0 0 0 0 0 0 1 0 0 1 1 0 1 0 0 0 0 0 1 0 0 0 1 1 1 0 
1.073920 -0.391694 1.584530 -0.028510 0.509638 1.049350 0.944462 0.065639 0.296279 -0.241413 1.283520 1.113450 0.535335 1 0 0 0 0 0 0 0 0 0 0 0 0 0 0 0 0 0 0 0 0 0 0 0 0 0 1 0 0 0 0 0 0 0 0 0 0 0 0 1 0 0 0 0 0 0 0 0 0 0 0 0 0 0 0 0 0 0 0 0 1 0 0 0 0 0 0 0 0 0 1 0 0 0 0 0 0 0 0 1 0 0 0 0 0 0 0 0 0 0 0 0 0 2 0 1 0 0 1 1 0 3 0 0 0 0 0 1 0 0 0 1 1 1 0 
1.259210 -0.589180 -0.572122 -1.049480 -0.262708 0.568648 0.301923 -0.820719 0.681738 -0.154899 0.362177 1.381810 0.917474 1 0 0 0 0 0 0 0 0 0 0 0 0 0 0 0 0 0 0 0 0 0 0 0 0 0 1 0 0 0 0 0 0 0 0 0 0 0 0 1 0 0 0 0 0 0 0 0 0 0 0 0 0 0 0 0 0 0 0 0 1 0 0 0 0 0 0 0 0 0 1 0 0 0 0 0 0 0 0 1 0 0 0 0 0 0 0 0 0 0 0 0 0 0 0 1 0 0 1 1 0 3 0 0 0 0 0 1 0 0 0 1 1 1 0 
0.900980 -0.750759 1.218990 0.902373 0.088358 1.129460 1.225570 -0.578985 1.382570 0.277671 1.020280 0.138864 1.713600 1 0 0 0 0 0 0 0 0 0 0 0 0 0 0 0 0 0 0 0 0 0 0 0 0 0 0 0 0 0 0 0 0 0 0 0 0 0 0 0 0 0 0 0 0 0 0 0 0 0 0 0 0 0 0 0 0 0 0 0 0 0 0 0 0 0 0 0 0 0 0 0 0 0 0 0 0 0 0 0 0 0 0 0 0 0 0 0 0 0 0 0 0 0 1 1 0 1 2 0 0 0 0 0 0 0 0 0 0 0 0 0 0 2 0 
0.715690 -0.607133 -0.023821 -0.118596 0.439425 0.905137 1.165330 -1.143030 0.629175 0.796755 0.581544 0.378979 2.446030 1 0 0 0 0 0 0 1 0 0 0 0 0 0 0 0 1 0 1 0 0 1 0 0 0 0 2 0 0 0 0 1 0 0 0 0 0 0 0 2 0 0 0 0 0 0 1 0 0 1 0 0 0 0 1 0 1 0 0 0 2 0 0 0 0 0 0 0 0 1 2 0 0 0 0 1 0 0 0 2 1 0 0 0 0 0 0 0 0 0 0 0 1 1 2 2 0 2 3 2 0 2 1 0 1 0 0 0 1 0 1 2 2 3 0 
0.839217 -0.454530 -0.023821 -0.689137 0.298998 0.200111 0.663351 0.468530 0.664217 -0.526909 1.195770 0.364855 0.774172 1 0 0 0 0 0 0 0 0 0 0 0 0 0 0 0 0 0 0 0 0 0 0 0 0 0 1 0 0 0 0 0 0 0 0 0 0 0 0 1 0 0 0 0 0 0 0 0 0 0 0 0 0 0 0 0 0 0 0 0 1 0 0 0 0 0 0 0 0 0 1 0 0 0 0 0 0 0 0 1 0 0 0 0 0 0 0 0 0 0 0 0 0 0 0 1 0 0 1 1 0 3 0 0 0 0 0 1 0 0 0 1 1 1 0 
0.938038 -0.723829 1.218990 0.001518 2.264970 1.049350 0.713550 1.113150 -0.422075 0.147900 1.283520 0.548472 1.554370 1 0 0 0 0 0 0 0 0 0 0 0 0 1 0 0 2 0 2 0 0 0 0 0 0 0 3 0 0 0 0 0 0 0 0 0 0 0 0 3 1 0 0 0 0 0 2 0 0 0 0 0 0 0 2 0 2 0 0 0 3 0 0 0 0 0 0 0 0 0 3 0 0 0 0 2 0 0 0 3 0 0 0 0 0 0 0 0 0 0 0 0 0 2 0 1 0 3 2 3 0 4 0 0 0 0 0 2 0 0 0 3 3 1 0 
0.629222 -0.481460 1.036230 -0.148624 0.720278 0.087948 0.502717 -0.578985 -0.089179 -0.371184 0.625418 0.364855 1.108540 1 0 0 0 0 0 0 0 0 0 0 0 0 0 0 0 0 0 0 0 0 0 0 0 0 0 1 0 0 0 0 0 0 0 0 0 0 0 0 1 0 0 0 0 0 0 0 0 0 0 0 0 0 0 0 0 0 0 0 0 1 0 0 0 0 0 0 0 0 0 1 0 0 0 0 0 0 0 0 1 0 0 0 0 0 0 0 0 0 0 0 0 0 0 0 1 0 0 1 1 0 3 0 0 0 0 0 1 0 0 0 1 1 1 0 
0.592164 -0.472483 0.158946 0.301803 0.018145 0.648764 0.954502 -0.820719 0.471488 0.018129 0.362177 1.212320 0.551257 1 0 0 0 0 0 0 0 0 0 0 0 0 0 0 0 0 0 0 0 0 0 0 0 0 0 1 0 0 0 0 0 0 0 0 0 0 0 0 1 0 0 0 0 0 0 0 0 0 0 0 0 0 0 0 0 0 0 0 0 1 0 0 0 0 0 0 0 0 0 1 0 0 0 0 0 0 0 0 1 0 0 0 0 0 0 0 0 0 0 0 0 0 0 0 1 0 0 1 1 0 3 0 0 0 0 0 1 0 0 0 1 1 1 0 
0.345111 -0.625086 1.730740 -1.199620 0.720278 0.488531 0.653312 -0.176095 -0.404554 -0.198156 0.581544 0.237735 0.423878 1 0 0 0 0 0 0 0 0 0 0 0 0 0 0 0 0 0 0 0 0 0 0 0 0 0 1 0 0 0 0 0 0 0 0 0 0 0 0 1 0 0 0 0 0 0 0 0 0 0 0 0 0 0 0 0 0 0 0 0 1 0 0 0 0 0 0 0 0 0 1 0 0 0 0 0 0 0 0 1 0 0 0 0 0 0 0 0 0 0 0 0 0 0 0 1 0 0 1 1 0 3 0 0 0 0 0 1 0 0 0 1 1 1 0 
0.061000 -0.616110 0.670693 -0.448909 -0.122282 0.248181 0.402320 -0.578985 -0.264388 -0.349555 0.713164 -0.143625 1.140390 1 0 0 0 0 0 0 0 0 0 0 0 0 0 0 0 0 0 0 0 0 0 0 0 0 0 1 0 0 0 0 0 0 0 0 0 0 0 0 1 0 0 0 0 0 0 0 0 0 0 0 0 0 0 0 0 0 0 0 0 1 0 0 0 0 0 0 0 0 0 1 0 0 0 0 0 0 0 0 1 0 0 0 0 0 0 0 0 0 0 0 0 0 0 0 1 0 0 1 1 0 3 0 0 0 0 0 1 0 0 0 1 1 1 0 
0.085705 -0.750759 -0.974210 -1.199620 -0.122282 0.168065 0.613153 -0.659563 -0.387033 -0.587469 0.976405 0.110615 0.869707 1 0 0 0 0 0 0 0 0 0 0 0 0 0 0 0 0 0 0 0 0 0 0 0 0 0 1 0 0 0 0 0 0 0 0 0 0 0 0 1 0 0 0 0 0 0 0 0 0 0 0 0 0 0 0 0 0 0 0 0 1 0 0 0 0 0 0 0 0 0 1 0 0 0 0 0 0 0 0 1 0 0 0 0 0 0 0 0 0 0 0 0 0 0 0 1 0 0 1 1 0 1 0 0 0 0 0 1 0 0 0 1 1 1 0 
1.506260 1.484420 0.524480 -1.890280 1.984120 1.129460 1.014740 -1.304190 0.856946 0.018129 -0.295924 1.297070 0.041738 1 0 0 0 0 0 0 0 0 0 0 0 0 2 0 0 3 0 3 0 0 2 0 0 0 0 4 0 1 0 0 2 0 0 0 1 0 0 0 4 2 1 0 1 0 0 3 0 1 2 0 0 0 0 3 0 3 0 0 1 4 0 0 0 0 0 0 0 0 0 4 0 0 0 0 3 0 0 0 4 2 0 0 0 0 0 0 0 0 0 0 0 2 3 3 3 0 4 4 4 0 5 2 0 2 0 0 3 2 0 2 4 4 4 0 
0.690985 -0.562250 -0.206588 -0.989422 1.211770 1.369810 1.265730 -0.176095 1.312490 0.463676 -0.032683 1.085200 0.153196 1 0 0 0 0 0 0 0 0 0 0 0 0 0 0 0 0 0 0 0 0 0 0 0 0 0 0 0 0 0 0 0 0 0 0 0 0 0 0 0 0 0 0 0 0 0 0 0 0 0 0 0 0 0 0 0 0 0 0 0 0 0 0 0 0 0 0 0 0 0 0 0 0 0 0 0 0 0 0 0 0 0 0 0 0 0 0 0 0 0 0 0 0 0 0 0 0 0 0 0 0 0 0 0 0 0 0 0 0 0 0 0 0 0 0 
0.505695 1.349770 -0.901103 -0.208681 -0.683988 0.248181 0.653312 -0.740141 -0.194304 -0.336578 -0.208177 0.548472 0.917474 1 0 0 0 0 0 0 0 0 0 0 0 0 2 0 0 3 0 3 0 0 2 0 0 0 0 4 0 1 0 0 2 0 0 0 1 0 0 0 4 2 1 0 1 0 0 3 0 1 2 0 0 0 0 3 0 3 0 0 1 4 0 0 0 0 0 0 0 0 0 4 0 0 0 0 3 0 0 0 4 2 0 0 0 0 0 0 0 0 0 0 0 2 3 3 3 0 4 4 4 0 5 2 0 2 0 0 3 2 0 2 4 4 4 0 
1.086270 -0.400670 0.816907 -1.349760 0.088358 1.530050 1.536800 -1.545920 0.191154 0.160877 -0.339797 1.339440 1.108540 1 0 0 0 0 0 0 1 0 0 0 0 0 0 0 0 1 0 1 0 0 1 0 0 0 0 2 0 0 0 0 1 0 0 0 0 0 0 0 2 0 0 0 0 0 0 1 0 0 1 0 0 0 0 1 0 1 0 0 0 2 0 0 0 0 0 0 0 0 1 2 0 0 0 0 1 0 0 0 2 1 0 0 0 0 0 0 0 0 0 0 0 1 1 2 2 0 2 3 2 0 2 1 0 1 0 0 0 1 0 1 2 2 3 0 
0.295700 1.475450 -0.279695 -0.599052 0.228785 0.552624 0.603113 -0.337251 0.121071 -0.301973 -0.603037 0.548472 -0.213021 1 0 0 0 0 0 0 0 0 0 0 0 0 2 0 0 3 0 3 0 0 2 0 0 0 0 4 0 1 0 0 2 0 0 0 1 0 0 0 4 2 1 0 1 0 0 3 0 1 2 0 0 0 0 3 0 3 0 0 1 4 0 0 0 0 0 0 0 0 0 4 0 0 0 0 3 0 0 0 4 2 0 0 0 0 0 0 0 0 0 0 0 2 3 3 3 0 4 4 4 0 5 2 0 2 0 0 3 2 0 2 4 4 4 0 
0.061000 -0.508390 -0.974210 -0.749194 0.509638 1.129460 0.974581 -0.659563 0.769342 -0.007825 -0.339797 1.042830 0.439800 1 0 0 0 0 0 0 0 0 0 0 0 0 0 0 0 0 0 0 0 0 0 0 0 0 0 0 0 0 0 0 0 0 0 0 0 0 0 0 0 0 0 0 0 0 0 0 0 0 0 0 0 0 0 0 0 0 0 0 0 0 0 0 0 0 0 0 0 0 0 0 0 0 0 0 0 0 0 0 0 0 0 0 0 0 0 0 0 0 0 0 0 0 0 0 0 0 0 0 0 0 0 0 0 0 0 0 0 0 0 0 0 0 0 0 
1.493910 1.529310 0.268606 -0.178653 0.790492 0.889114 0.623193 -0.498407 -0.597284 0.078689 -0.383670 1.014580 1.060780 1 0 0 0 0 0 0 0 0 0 0 0 0 2 0 0 3 0 3 0 0 2 0 0 0 0 4 0 1 0 0 2 0 0 0 1 0 0 0 4 2 1 0 1 0 0 3 0 1 2 0 0 0 0 3 0 3 0 0 1 4 0 0 0 0 0 0 0 0 0 4 0 0 0 0 3 0 0 0 4 2 0 0 0 0 0 0 0 0 0 0 0 2 3 3 3 0 4 4 4 0 5 2 0 2 0 0 3 2 0 2 4 4 4 0 
1.703900 1.125360 -0.316249 -1.049480 0.158572 1.530050 1.145260 -0.740141 1.049680 -0.068385 0.362177 1.169950 1.013010 1 0 0 0 0 0 0 0 0 0 0 0 0 2 0 0 3 0 3 0 0 2 0 0 0 0 4 0 0 0 0 2 0 0 0 0 0 0 0 4 2 0 0 0 0 0 3 0 1 2 0 0 0 0 3 0 0 0 0 0 4 0 0 0 0 0 0 0 0 0 4 0 0 0 0 3 0 0 0 4 2 0 0 0 0 0 0 0 0 0 0 0 2 3 3 3 0 4 4 4 0 5 2 0 2 0 0 3 2 0 2 4 4 0 0 
1.110980 -0.589180 -0.901103 -1.049480 0.088358 1.289700 1.366130 -1.223610 0.962071 0.450699 -0.208177 1.014580 0.758249 1 0 0 0 0 0 0 0 0 0 0 0 0 0 0 0 0 0 0 0 0 0 0 0 0 0 0 0 0 0 0 0 0 0 0 0 0 0 0 0 0 0 0 0 0 0 0 0 0 0 0 0 0 0 0 0 0 0 0 0 0 0 0 0 0 0 0 0 0 0 0 0 0 0 0 0 0 0 0 0 0 0 0 0 0 0 0 0 0 0 0 0 0 0 0 0 0 0 0 0 0 0 0 0 0 0 0 0 0 0 0 0 0 0 0 
1.358030 -0.283974 0.122392 -0.208681 0.228785 0.728881 0.894264 -0.337251 1.382570 0.493956 0.493797 0.195361 0.997086 1 0 0 0 0 0 0 0 0 0 0 0 0 0 0 0 0 0 0 0 0 0 0 0 0 0 0 0 0 0 0 0 0 0 0 0 0 0 0 0 0 0 0 0 0 0 0 0 0 0 0 0 0 0 0 0 0 0 0 0 0 0 0 0 0 0 0 0 0 0 0 0 0 0 0 0 0 0 0 0 0 0 0 0 0 0 0 0 0 0 0 0 0 0 1 1 0 1 2 0 0 0 0 0 0 0 0 0 0 0 0 0 0 2 0 
1.160390 -0.544297 -0.352802 -0.629080 0.579852 0.937184 1.516720 -0.337251 0.856946 1.661890 0.713164 0.689716 1.633990 1 0 0 0 0 0 0 1 0 0 0 0 0 0 0 0 1 0 1 0 0 1 0 0 0 0 2 0 0 0 0 1 0 0 0 0 0 0 0 2 0 0 0 0 0 0 1 0 0 1 0 0 0 0 1 0 1 0 0 0 2 0 0 0 0 0 0 0 0 1 2 0 0 0 0 1 0 0 0 2 1 0 0 0 0 0 0 0 0 0 0 0 1 1 2 2 0 2 3 2 0 2 1 0 1 0 0 0 1 0 1 2 2 3 0 
0.061000 -0.544297 -1.193530 -2.130510 -0.543562 0.680811 1.245650 -1.545920 2.311180 0.926526 0.713164 0.421352 1.283690 1 0 0 0 0 0 0 0 0 0 0 0 0 0 0 0 0 0 0 0 0 0 0 0 0 0 0 0 0 0 0 0 0 0 0 0 0 0 0 0 0 0 0 0 0 0 0 0 0 0 0 0 0 0 0 0 0 0 0 0 0 0 0 0 0 0 0 0 0 0 0 0 0 0 0 0 0 0 0 0 0 0 0 0 0 0 0 0 0 0 0 0 0 0 0 0 0 0 0 0 0 0 0 0 0 0 0 0 0 0 0 0 2 0 0 
1.024510 -0.616110 0.853460 -0.689137 -0.403135 0.248181 0.964541 -1.143030 1.224880 0.234414 1.239650 1.071080 1.649910 1 0 0 0 0 0 0 0 0 0 0 0 0 0 0 0 0 0 0 0 0 0 0 0 0 0 1 0 0 0 0 0 0 0 0 0 0 0 0 1 0 0 0 0 0 0 0 0 0 0 0 0 0 0 0 0 0 0 0 0 1 0 0 0 0 0 0 0 0 0 1 0 0 0 0 0 0 0 0 1 0 0 0 0 0 0 0 0 0 0 0 0 0 0 0 1 0 0 1 1 0 3 0 0 0 0 0 1 0 0 0 1 1 1 0 
1.012150 -0.526343 0.195499 -1.650050 0.790492 2.539520 1.717520 -0.337251 0.489009 0.861641 0.230557 0.915707 1.411070 1 0 0 0 0 0 0 1 0 0 0 0 0 0 0 0 1 0 1 0 0 1 0 0 0 0 2 0 0 0 0 1 0 0 0 0 0 0 0 2 0 0 0 0 0 0 1 0 0 1 0 0 0 0 1 0 1 0 0 0 2 0 0 0 0 0 0 0 0 1 2 0 0 0 0 1 0 0 0 2 1 0 0 0 0 0 0 0 0 0 0 0 1 1 2 2 0 2 3 2 0 2 1 0 1 0 0 0 1 0 1 2 2 3 0 
0.950391 -0.391694 1.145890 -0.719166 1.071350 1.129460 0.763748 0.226796 0.156113 0.537213 0.757038 0.449601 2.000200 1 0 0 0 0 0 0 0 0 0 0 0 0 1 0 0 2 0 2 0 0 0 0 0 0 0 3 0 0 0 0 0 0 0 0 0 0 0 0 3 1 0 0 0 0 0 2 0 0 0 0 0 0 0 2 0 2 0 0 0 3 0 0 0 0 0 0 0 0 0 3 0 0 0 0 2 0 0 0 3 0 0 0 0 0 0 0 0 0 0 0 0 0 2 0 1 0 3 2 3 0 4 0 0 0 0 0 2 0 0 0 3 3 1 0 
0.913333 -0.598156 -0.425909 -0.929365 1.281990 0.488531 0.874184 -1.223610 0.050988 0.342557 -0.164303 0.830961 0.997086 1 0 0 0 0 0 0 0 0 0 0 0 0 0 0 0 0 0 0 0 0 0 0 0 0 0 0 0 0 0 0 0 0 0 0 0 0 0 0 0 0 0 0 0 0 0 0 0 0 0 0 0 0 0 0 0 0 0 0 0 0 0 0 0 0 0 0 0 0 0 0 0 0 0 0 0 0 0 0 0 0 0 0 0 0 0 0 0 0 0 0 0 0 0 0 0 0 0 0 0 0 0 0 0 0 0 0 0 0 0 0 0 0 0 0 
0.690985 -0.544297 0.341713 0.301803 1.141560 1.065370 0.753708 -1.304190 1.505220 0.515585 0.098937 0.590845 1.188160 1 0 0 0 0 0 0 0 0 0 0 0 0 0 0 0 0 0 0 0 0 0 0 0 0 0 0 0 0 0 0 0 0 0 0 0 0 0 0 0 0 0 0 0 0 0 0 0 0 0 0 0 0 0 0 0 0 0 0 0 0 0 0 0 0 0 0 0 0 0 0 0 0 0 0 0 0 0 0 0 0 0 0 0 0 0 0 0 0 0 0 0 0 0 1 1 0 1 2 0 0 0 0 0 0 0 0 0 0 0 0 0 0 2 0 
1.506260 -0.571226 -0.243142 -0.959394 1.281990 1.449930 0.974581 -0.820719 0.769342 0.571819 -0.076557 0.986329 0.710482 1 0 0 0 0 0 0 0 0 0 0 0 0 0 0 0 0 0 0 0 0 0 0 0 0 0 0 0 0 0 0 0 0 0 0 0 0 0 0 0 0 0 0 0 0 0 0 0 0 0 0 0 0 0 0 0 0 0 0 0 0 0 0 0 0 0 0 0 0 0 0 0 0 0 0 0 0 0 0 0 0 0 0 0 0 0 0 0 0 0 0 0 0 0 0 0 0 0 0 0 0 0 0 0 0 0 0 0 0 0 0 0 0 0 0 
0.357463 -0.328857 1.145890 -0.809251 0.158572 1.129460 1.205490 -0.417829 0.121071 0.407442 0.493797 0.322481 1.665830 1 0 0 0 0 0 0 0 0 0 0 0 0 0 0 0 0 0 0 0 0 0 0 0 0 0 1 0 0 0 0 0 0 0 0 0 0 0 0 1 0 0 0 0 0 0 0 0 0 0 0 0 0 0 0 0 0 0 0 0 1 0 0 0 0 0 0 0 0 0 1 0 0 0 0 0 0 0 0 1 0 0 0 0 0 0 0 0 0 0 0 0 0 0 0 1 0 0 1 1 0 3 0 0 0 0 0 1 0 0 0 1 1 1 0 
0.888627 -0.813595 0.487926 -0.839280 0.579852 1.770400 1.647240 -1.384770 0.786863 0.753498 -0.295924 0.364855 1.713600 1 0 0 0 0 0 0 1 0 0 0 0 0 0 0 0 1 0 1 0 0 1 0 0 0 0 2 0 0 0 0 1 0 0 0 0 0 0 0 2 0 0 0 0 0 0 1 0 0 1 0 0 0 0 1 0 1 0 0 0 2 0 0 0 0 0 0 0 0 1 2 0 0 0 0 1 0 0 0 2 1 0 0 0 0 0 0 0 0 0 0 0 1 1 2 2 0 2 3 2 0 2 1 0 1 0 0 0 1 0 1 2 2 3 0 
-0.778980 -1.253450 -3.679160 -2.671020 -0.824415 -0.504914 -1.465060 -0.659563 -2.051510 -1.344470 0.406051 -1.118210 -0.722540 2 0 1 0 0 2 2 3 2 2 2 2 1 4 1 2 5 2 5 0 0 4 2 2 0 2 6 0 3 2 2 4 2 2 2 3 2 0 2 6 4 3 2 3 0 2 5 0 3 4 0 0 1 2 5 2 5 2 1 3 6 2 1 2 2 1 1 2 2 3 6 2 2 0 2 5 1 2 2 6 4 2 2 0 2 0 0 0 2 1 1 0 4 5 5 5 2 6 6 6 2 7 4 2 4 2 2 5 4 2 4 6 6 6 2 
-0.828391 -1.109820 -0.316249 -1.049480 0.088358 -0.392751 -0.942995 2.160670 -2.069030 -0.773474 1.283520 -1.330080 -0.213021 2 0 2 0 1 3 3 4 3 3 3 3 2 5 2 3 6 3 6 1 1 5 3 3 1 3 7 1 4 3 3 5 3 3 3 4 3 0 3 7 5 4 3 4 0 3 6 1 4 5 1 0 2 3 6 3 6 3 2 4 7 3 2 3 3 2 1 3 3 4 7 3 3 1 3 6 2 3 3 7 5 3 3 1 3 1 1 1 3 2 2 1 5 6 6 6 3 7 7 7 3 8 5 3 5 3 3 6 5 3 5 7 7 7 3 
-0.445459 -0.876432 -1.266640 -0.809251 0.018145 -0.440821 -0.621726 1.354890 -1.701100 0.299300 0.098937 -1.443070 -0.945455 2 0 2 0 1 3 3 4 3 3 3 3 2 5 2 3 6 3 6 1 1 5 3 3 1 3 7 1 4 3 3 5 3 3 3 4 3 1 3 7 5 4 3 4 0 3 6 1 4 5 1 0 2 3 6 3 6 3 2 4 7 3 2 3 3 2 1 3 3 4 7 3 3 1 3 6 2 3 3 7 5 3 3 1 3 1 1 1 3 2 2 1 5 6 6 6 3 7 7 7 3 8 5 3 5 3 3 6 5 3 5 7 7 7 3 
0.826864 -0.975175 -1.632170 -0.448909 -0.403135 -0.312635 -0.240219 -0.337251 -1.508370 -0.544212 1.195770 -0.214247 -0.372246 2 0 1 0 0 2 2 3 2 2 2 2 1 4 1 2 5 2 5 0 0 4 2 2 0 2 6 0 3 2 2 4 2 2 2 3 2 0 2 6 4 3 2 3 0 2 5 0 3 4 0 0 1 2 5 2 5 2 1 3 6 2 1 2 2 1 1 2 2 3 6 2 2 0 2 5 1 2 2 6 4 2 2 0 2 0 0 0 2 1 1 0 4 5 5 5 2 6 6 8 2 7 4 2 4 2 2 5 4 2 4 6 6 6 2 
-0.778980 -1.082890 -0.754890 -0.148624 -0.894628 1.930630 1.074980 -1.384770 0.489009 -0.263041 1.151900 0.364855 -1.040990 2 0 1 0 0 2 2 3 2 2 2 2 1 4 1 2 5 2 5 0 0 4 2 2 0 2 6 0 3 2 2 4 2 2 2 3 2 0 2 6 4 3 2 3 0 2 5 0 3 4 0 0 1 2 5 2 5 2 1 3 6 2 1 2 2 1 1 2 2 3 6 2 2 0 2 5 1 2 2 6 4 2 2 0 2 0 0 0 2 1 1 0 4 5 5 5 2 6 8 9 2 9 4 2 4 2 2 5 4 2 4 6 6 6 2 
-1.026030 -0.795642 0.597587 -0.148624 0.298998 -0.649124 -0.280377 0.710264 -0.982742 -0.911896 2.160990 -0.539109 -1.247980 2 0 1 0 0 4 4 5 4 2 4 2 1 6 1 4 7 4 7 0 0 6 4 2 0 2 8 0 5 2 4 6 2 4 4 3 4 0 2 8 6 5 2 3 0 2 7 0 5 6 0 0 1 4 7 4 7 2 1 5 8 4 1 4 2 1 1 2 4 5 8 4 2 0 4 7 1 4 4 8 6 4 4 0 4 0 0 0 2 1 1 0 6 7 7 7 4 8 9 10 4 10 6 4 6 4 4 7 6 4 6 8 8 8 4 
-0.778980 -1.011080 0.707247 -0.418881 -0.122282 0.200111 0.623193 0.065639 0.856946 -0.198156 1.020280 -0.440238 -0.219390 2 0 1 0 0 0 0 0 0 0 0 0 1 0 1 0 0 0 0 0 0 0 0 0 0 0 1 0 0 0 0 0 0 0 0 0 0 0 0 1 0 0 0 0 0 0 0 0 0 0 0 0 1 0 0 0 0 0 1 0 1 0 0 0 2 1 1 0 0 0 1 0 0 0 0 0 1 0 0 1 0 0 0 0 0 0 0 0 2 1 1 0 0 0 0 1 0 0 1 1 0 3 0 0 0 0 0 1 0 2 0 1 1 1 0 
0.135116 -1.190610 -2.436350 -1.349760 -1.526550 1.097420 1.155290 -0.820719 1.207360 0.104643 0.713164 0.802712 -0.779861 2 0 1 0 0 2 2 3 2 2 2 2 1 4 1 2 5 2 5 0 0 4 2 2 0 2 6 0 3 2 2 4 2 2 2 3 2 0 2 6 4 3 2 3 0 2 5 0 3 4 0 0 1 2 5 2 5 2 1 3 6 2 1 2 2 1 1 2 2 3 6 2 2 0 2 5 1 2 2 6 4 2 2 0 2 0 0 0 2 1 1 0 4 5 5 5 2 6 6 8 2 7 4 2 4 2 2 5 4 2 4 6 6 6 2 
-0.778980 -1.046990 -1.632170 0.031547 -1.526550 -0.296611 -0.029386 -0.740141 -0.965221 -0.163550 0.713164 1.226440 -0.754385 2 0 1 0 0 2 2 3 2 2 2 2 1 4 1 2 5 2 5 0 0 4 2 2 0 2 6 0 3 2 2 4 2 2 2 3 2 0 2 9 4 3 2 3 0 2 5 0 3 4 0 0 1 2 5 2 5 2 1 3 9 2 1 2 2 1 1 2 2 3 9 2 2 0 2 5 1 2 2 6 4 2 2 0 2 0 0 0 2 1 1 0 4 5 5 5 2 6 10 8 2 11 4 2 7 2 2 5 7 2 4 9 6 6 2 
0.419227 -1.253450 -0.023821 -0.749194 0.720278 0.376368 -0.732162 1.516040 -2.051510 -0.816731 0.274431 -0.962842 0.009893 2 0 2 0 1 3 3 4 3 3 3 3 2 5 2 3 6 3 6 1 1 5 3 3 1 3 7 1 4 3 3 5 3 3 3 4 3 0 3 7 5 4 3 4 0 3 6 1 4 5 1 0 2 3 6 3 6 3 2 4 7 3 2 3 3 2 1 3 3 4 7 3 3 1 3 6 2 3 3 7 5 3 3 1 3 1 1 1 3 2 2 1 5 6 6 6 3 7 7 7 3 8 5 3 5 3 3 6 5 3 5 7 7 7 3 
-0.976623 -1.029030 -2.253580 -0.809251 3.599030 -0.713218 -0.752242 -1.787660 1.592820 -0.955153 1.415140 0.647343 -0.092010 2 0 0 1 2 5 5 6 5 4 5 4 3 7 3 5 8 5 8 0 0 7 5 4 2 4 9 2 6 4 5 7 4 5 5 5 5 0 4 10 7 6 4 5 0 4 8 2 6 7 0 1 0 5 8 5 8 4 3 6 10 5 3 5 4 3 0 4 5 6 10 5 4 2 5 8 3 5 5 9 7 5 5 0 5 0 2 2 4 3 3 2 7 8 8 8 5 9 11 11 5 12 7 5 8 5 5 8 8 5 7 10 9 9 5 
-0.877801 -0.652016 -0.572122 0.271775 0.228785 -1.914970 -1.013270 0.065639 -0.229346 -0.868639 -0.225726 -1.118210 0.392033 2 0 1 0 0 4 4 5 4 2 4 2 1 6 1 4 7 4 7 0 0 8 4 2 0 2 8 0 5 2 4 6 2 6 4 3 4 0 2 8 6 5 2 3 0 2 5 0 5 6 0 0 1 4 9 4 7 2 1 5 8 4 1 4 2 1 1 2 4 5 8 4 2 0 4 7 1 4 4 8 8 4 4 0 4 0 0 0 2 1 1 0 6 7 7 7 6 8 9 10 4 10 4 4 9 4 4 7 9 4 6 8 8 8 4 
1.061560 -0.741782 1.109330 1.653090 -0.964842 1.049350 0.834026 -1.223610 0.489009 -0.725891 1.766130 0.774463 -1.072830 2 0 0 0 0 2 0 0 0 2 2 2 1 0 0 0 0 2 0 0 0 0 0 2 0 0 1 0 0 5 0 0 0 2 0 3 2 0 2 1 0 0 0 0 0 2 0 0 3 0 0 0 1 0 0 2 0 0 1 3 1 2 1 0 0 1 1 0 0 0 1 0 0 0 6 0 1 2 0 1 0 0 0 0 0 0 0 0 0 0 0 0 0 0 0 1 2 0 1 1 0 3 0 2 0 2 0 1 0 0 0 1 1 1 0 
0.604516 -0.607133 -0.462462 1.352800 -0.894628 -0.665148 -0.190020 -0.740141 -0.982742 -0.570166 0.098937 0.237735 -0.875396 2 0 1 0 0 2 2 3 2 2 2 2 1 4 1 2 5 2 5 0 0 4 2 2 0 2 6 0 3 2 2 4 2 2 2 3 2 0 2 9 4 3 2 3 0 2 5 0 3 4 0 0 1 2 5 2 5 2 1 3 9 2 1 2 2 1 1 2 2 3 9 2 2 0 2 5 1 2 2 6 4 2 2 0 2 0 0 0 2 1 1 0 4 5 5 5 2 6 10 6 2 11 4 2 7 2 2 5 7 2 4 9 6 6 2 
-0.013116 -0.598156 0.853460 3.154510 2.756470 1.610160 0.864145 -1.223610 0.646696 -0.738868 1.546760 1.254690 0.758249 2 0 0 0 0 1 1 2 1 1 1 1 0 3 0 1 4 1 4 0 0 3 1 1 0 1 5 0 2 1 1 3 1 1 1 2 1 0 1 5 3 2 1 2 0 1 4 0 2 3 0 0 0 1 4 1 4 1 0 2 5 1 0 1 1 0 0 1 1 2 5 1 1 0 1 4 0 1 1 5 3 1 1 0 1 0 0 0 1 0 0 0 3 4 4 4 1 5 5 5 1 6 3 1 3 1 1 4 3 1 3 5 5 5 1 
-1.285440 -1.118800 -0.243142 0.451946 0.088358 1.738350 0.111170 -1.868230 0.103550 -0.799428 0.142810 0.732090 0.442985 2 0 1 0 0 2 2 3 2 2 2 2 1 4 1 2 5 2 5 0 0 4 2 2 0 2 6 0 3 2 2 4 2 2 2 3 2 0 2 6 0 3 2 3 0 2 5 0 3 4 0 0 1 2 5 2 5 2 1 3 6 2 1 2 2 1 1 2 2 3 6 2 2 0 2 5 1 2 2 6 4 2 2 0 2 0 0 0 2 1 1 0 4 5 5 5 2 6 8 9 2 9 4 2 4 2 2 5 4 2 4 6 6 6 2 
-1.656020 -0.409647 -1.632170 -1.049480 -0.192495 -1.097780 -0.461091 -0.176095 -0.772492 -0.544212 1.195770 -0.666229 -1.015510 2 0 1 0 0 2 2 3 2 2 2 2 1 4 1 2 5 2 9 0 0 8 2 2 0 2 6 0 3 2 2 8 2 2 2 3 2 0 2 9 4 3 2 3 0 2 5 0 3 4 0 0 1 2 5 2 5 2 1 3 9 2 1 2 2 1 1 2 2 7 9 2 2 0 2 5 1 2 2 6 8 2 2 0 2 0 0 0 2 1 1 0 4 5 9 5 7 6 10 8 2 11 4 2 9 2 2 5 9 2 4 9 6 6 2 
0.036295 -1.289360 -2.399790 -1.049480 -0.964842 -0.552984 0.000733 -0.981875 -0.229346 -0.198156 1.020280 -0.185998 -1.130160 2 0 1 0 0 2 2 3 2 2 2 2 1 4 1 2 5 2 5 0 0 4 2 2 0 2 6 0 3 2 2 4 2 2 2 3 2 0 2 6 4 3 2 3 0 2 5 0 3 4 0 0 1 2 5 2 5 2 1 3 6 2 1 2 2 1 1 2 2 3 6 2 2 0 2 5 1 2 2 6 4 2 2 0 2 0 0 0 2 1 1 0 4 5 5 5 2 6 6 8 2 7 4 2 4 2 2 5 4 2 4 6 6 6 2 
-1.433670 0.496993 -0.499016 -0.448909 0.860705 -0.921521 -0.712083 0.549108 -1.122910 -1.041670 0.011190 -0.129500 -0.786230 2 0 1 0 0 2 2 3 2 2 2 2 1 4 1 2 5 4 9 0 0 8 2 2 0 2 6 0 3 2 2 8 2 2 2 3 2 0 2 9 4 3 2 3 0 2 5 0 3 4 0 0 1 2 5 4 5 2 1 5 9 2 1 2 2 1 1 2 2 7 9 2 2 0 2 5 1 2 2 6 8 2 2 0 2 0 0 0 2 1 1 0 4 5 9 5 7 6 10 8 2 11 4 2 9 2 2 5 9 2 4 9 6 6 2 
-0.828391 -1.208570 -1.522510 -1.409820 2.545830 -0.633101 -0.179981 -0.095517 2.048360 -0.717240 0.449924 -0.426113 0.009893 2 0 0 1 2 5 5 6 5 4 5 4 3 7 3 5 8 5 8 0 0 7 5 4 2 4 9 2 6 4 5 7 4 5 5 5 5 0 4 10 7 6 4 5 0 4 8 2 6 7 0 1 0 5 8 5 8 4 3 6 10 5 3 5 4 3 0 4 5 6 10 5 4 2 5 8 3 5 5 9 7 5 5 0 5 0 2 2 4 3 3 2 7 8 8 8 5 9 11 11 5 12 7 5 8 5 5 8 8 5 7 10 9 9 5 
-0.371343 1.376700 0.122392 1.052520 0.088358 0.857067 0.522796 0.549108 0.629175 -1.076270 1.020280 0.732090 -0.904056 2 0 1 0 0 6 6 7 6 2 2 2 1 8 1 6 9 6 10 0 0 9 6 2 0 5 10 0 7 5 2 9 2 7 6 3 2 0 2 11 8 7 2 3 0 5 9 0 7 8 0 0 1 6 10 6 9 2 1 7 11 2 1 2 2 1 1 2 6 8 11 6 2 0 6 9 1 2 2 10 9 2 6 0 6 0 0 0 5 1 1 0 8 9 10 9 8 10 12 12 6 13 8 6 10 2 6 9 10 2 8 11 10 10 6 
-1.236030 -1.271400 -1.339740 -0.148624 -0.964842 0.200111 0.231646 -0.498407 -0.281908 -1.106550 1.853870 0.717965 -1.493190 2 0 1 0 0 2 2 3 2 2 2 2 1 4 1 2 5 2 5 0 0 4 2 2 0 2 6 0 3 2 2 4 2 2 2 3 2 0 2 6 4 3 2 3 0 2 5 0 3 4 0 0 1 2 5 2 5 2 1 3 6 2 1 2 2 1 1 2 2 3 6 2 2 0 2 5 1 2 2 6 4 2 2 0 2 0 0 0 2 1 1 0 4 5 5 5 2 6 6 8 2 7 4 2 4 2 2 5 4 2 4 6 6 6 2 
-0.346638 -0.472483 -0.608676 -0.208681 -0.964842 -0.152402 0.502717 -0.820719 0.313800 -0.500955 0.888658 0.746214 -0.104748 2 0 1 0 0 2 2 3 2 2 2 2 1 4 1 2 5 2 5 0 0 4 2 2 0 2 6 0 3 2 2 4 2 2 2 3 2 0 2 6 4 3 2 3 0 2 5 0 3 4 0 0 1 2 5 2 5 2 1 3 6 2 1 2 2 1 1 2 2 3 6 2 2 0 2 5 1 2 2 6 4 2 2 0 2 0 0 0 2 1 1 0 4 5 5 5 2 6 6 8 2 7 4 2 4 2 2 5 4 2 4 6 6 6 2 
-1.137210 -1.082890 0.524480 1.352800 -1.526550 -0.472868 -0.451052 0.307374 -0.334471 -1.236320 1.546760 0.152988 -0.372246 2 0 1 0 0 4 4 5 4 2 4 2 1 6 1 4 7 4 7 0 0 6 4 2 0 2 8 0 5 2 4 6 2 4 4 3 4 0 2 8 6 5 2 3 0 2 7 0 5 6 0 0 1 4 7 4 7 2 1 5 8 4 1 4 2 1 1 2 4 5 8 4 2 0 4 7 1 4 4 8 6 4 4 0 4 0 0 0 2 1 1 0 6 7 7 7 4 8 9 10 4 10 6 4 6 4 4 7 6 4 6 8 8 8 4 
0.061000 1.367730 -0.170035 0.902373 -1.035060 -1.033680 -0.441012 1.999510 0.050988 -0.111642 -0.515290 -0.849846 -0.738463 2 0 2 0 1 7 7 8 7 5 6 5 4 9 2 7 10 7 11 1 1 10 7 5 1 6 11 3 8 6 6 10 5 8 7 6 6 1 5 12 9 8 5 6 0 6 10 3 8 9 2 0 2 7 11 7 10 5 2 8 12 6 4 6 3 2 2 5 7 9 12 7 5 3 7 10 4 6 6 11 10 6 7 2 7 2 3 3 6 4 4 3 9 10 11 10 9 11 13 13 7 14 9 7 11 6 7 10 11 6 9 12 11 11 7 
-1.433670 -1.298330 0.780354 -0.448909 -0.403135 -0.152402 0.181447 -1.143030 1.330010 -0.868639 -0.734657 0.661468 -0.722540 2 0 1 0 0 2 2 3 2 2 2 2 1 4 1 2 11 2 5 0 0 4 2 2 0 2 12 0 3 2 2 4 2 2 2 3 2 0 2 13 4 3 2 3 0 2 11 0 3 4 0 0 1 2 5 2 5 2 1 3 13 2 1 2 2 1 1 2 2 3 13 2 2 0 2 5 1 2 2 12 4 2 2 0 2 0 0 0 2 1 1 0 4 5 5 9 2 6 14 14 2 15 4 2 12 2 2 11 12 2 4 13 6 6 2 
-0.408401 -1.217540 -0.462462 -0.448909 -0.052068 -0.152402 -0.089624 -0.498407 -0.229346 -1.054640 1.195770 0.774463 -0.945455 2 0 1 0 0 2 2 3 2 2 2 2 1 4 1 2 5 2 5 0 0 4 2 2 0 2 6 0 3 2 2 4 2 2 2 3 2 0 2 6 4 3 2 3 0 2 5 0 3 4 0 0 1 2 5 2 5 2 1 3 6 2 1 2 2 1 1 2 2 3 6 2 2 0 2 5 1 2 2 6 4 2 2 0 2 0 0 0 2 1 1 0 4 5 5 5 2 6 6 8 2 7 4 2 4 2 2 5 4 2 4 6 6 6 2 
-1.038390 -0.652016 -0.206588 0.992459 -0.683988 -0.825381 -0.340615 0.549108 -0.054137 -1.128180 1.634510 -0.496736 -0.802153 2 0 1 0 0 4 4 5 4 2 4 2 1 6 1 4 7 4 7 0 0 6 4 2 0 2 8 0 5 2 4 6 2 4 4 3 4 0 2 8 6 5 2 3 0 2 7 0 5 6 0 0 1 4 7 4 7 2 1 5 8 4 1 4 2 1 1 2 4 5 8 4 2 0 4 7 1 4 4 8 6 4 4 0 4 0 0 0 2 1 1 0 6 7 7 7 4 8 9 10 4 10 6 4 6 4 4 7 6 4 6 8 8 8 4 
-1.668370 -0.598156 0.926567 1.953370 -0.824415 -0.601054 -0.420933 0.307374 -0.439596 -1.063300 1.766130 0.845085 -0.588791 2 0 1 0 0 4 4 5 4 2 4 2 1 6 1 4 7 4 7 0 0 6 4 2 0 2 8 0 5 2 4 6 2 4 4 3 4 0 2 8 6 5 2 3 0 2 7 0 5 6 0 0 1 4 7 4 7 2 1 5 8 4 1 4 2 1 1 2 4 5 8 4 2 0 4 7 1 4 4 8 6 4 4 0 4 0 0 0 2 1 1 0 6 7 7 7 4 8 9 10 4 10 6 4 6 4 4 7 6 4 6 8 8 8 4 
-1.680720 -0.248068 0.341713 0.632117 -1.105270 -0.552984 -0.340615 0.951998 -0.422075 -0.976782 0.186684 0.195361 -0.213021 2 0 1 0 0 4 4 5 4 2 4 2 1 6 1 4 7 4 7 0 0 6 4 2 0 2 8 0 5 2 4 6 2 4 4 3 4 0 2 8 6 5 2 3 0 2 7 0 5 6 0 0 1 4 7 4 7 2 1 5 8 4 1 4 2 1 1 2 4 5 8 4 2 0 4 7 1 4 4 8 6 4 4 0 4 0 0 0 2 1 1 0 6 7 7 7 4 8 9 10 4 10 6 4 6 4 4 7 6 4 6 8 8 8 4 
-1.137210 -0.903362 -0.243142 1.232690 -2.088260 -0.152402 -0.441012 0.468530 -0.369513 -1.435310 0.493797 0.845085 -0.388168 2 0 1 0 0 4 4 5 4 2 4 2 1 6 1 4 7 4 7 0 0 6 4 2 0 2 8 0 5 2 4 6 2 4 4 3 4 0 2 8 6 5 2 3 0 2 7 0 5 6 0 0 1 4 7 4 7 2 1 5 8 4 1 4 2 1 1 2 4 5 8 4 2 0 4 7 1 4 4 8 6 4 4 0 4 0 0 0 2 1 1 0 6 7 7 7 4 8 9 10 4 10 6 4 6 4 4 7 6 4 6 8 8 8 4 
-1.137210 -0.454530 -0.170035 -0.298767 -1.315910 -1.113800 -0.531369 1.274310 0.086029 -1.149810 0.537671 -0.482611 -0.849920 2 0 1 0 0 4 4 5 4 2 4 2 1 6 1 4 7 4 7 0 0 6 4 2 0 2 8 0 5 2 4 6 2 4 4 3 4 0 2 8 6 5 2 3 0 2 7 0 5 6 0 0 1 4 7 4 7 2 1 5 8 4 1 4 2 1 1 2 4 5 8 4 2 0 4 7 1 4 4 8 6 4 4 0 4 0 0 0 2 1 1 0 6 7 7 7 4 8 9 10 4 10 6 4 6 4 4 7 6 4 6 8 8 8 4 
-1.236030 -0.741782 0.195499 0.752231 -0.964842 -1.354150 -0.782361 1.113150 0.068508 -0.630726 0.406051 0.054117 -0.945455 2 0 1 0 0 4 4 5 4 2 4 2 1 6 1 4 7 4 7 0 0 6 4 2 0 2 8 0 5 2 4 6 2 4 4 3 4 0 2 8 6 5 2 3 0 2 7 0 5 6 0 0 1 4 7 4 7 2 1 5 8 4 1 4 2 1 1 2 4 5 8 4 2 0 4 7 1 4 4 8 6 4 4 0 4 0 0 0 2 1 1 0 6 7 7 7 4 8 9 10 4 10 6 4 6 4 4 7 6 4 6 8 8 8 4 
-0.383696 -0.723829 -0.389355 0.361860 -1.386120 -1.466310 -0.571528 1.757780 0.050988 -0.868639 0.011190 -0.779224 -0.802153 2 0 1 0 0 4 4 5 4 2 4 2 1 6 1 4 7 4 7 0 0 6 4 2 0 2 8 0 5 2 4 6 2 4 4 3 4 0 2 8 6 5 2 3 0 2 7 0 5 6 0 0 1 4 7 4 7 2 1 5 8 4 1 4 2 1 1 2 4 5 8 4 2 0 4 7 1 4 4 8 6 4 4 0 4 0 0 0 2 1 1 0 6 7 7 7 4 8 9 10 4 10 6 4 6 4 4 7 6 4 6 8 8 8 4 
-0.877801 0.443133 -0.535569 -0.448909 -0.824415 0.248181 0.221606 -0.901297 0.699259 -1.257950 0.844785 0.972205 -1.454970 2 0 1 0 0 2 2 3 2 2 2 2 1 4 1 2 5 2 5 0 0 4 2 2 0 2 6 0 3 2 2 4 2 2 2 3 2 0 2 6 4 3 2 3 0 2 5 0 3 4 0 0 1 2 5 2 5 2 1 3 6 2 1 2 2 1 1 2 2 3 6 2 2 0 2 5 1 2 2 6 4 2 2 0 2 0 0 0 2 1 1 0 4 5 5 5 2 6 8 9 2 9 4 2 4 2 2 5 4 2 4 6 6 6 2 
-1.705430 -0.310904 -0.316249 -0.448909 -0.122282 1.161510 0.231646 -1.545920 -0.422075 -0.782125 0.888658 0.491974 -1.279830 2 0 1 0 0 2 2 3 2 2 2 2 1 4 1 2 5 2 5 0 0 4 2 2 0 2 6 0 3 2 2 4 2 2 2 3 2 0 2 6 4 3 2 3 0 2 5 0 3 4 0 0 1 2 5 2 5 2 1 3 6 2 1 2 2 1 1 2 2 3 6 2 2 0 2 5 1 2 2 6 4 2 2 0 2 0 0 0 2 1 1 0 4 5 5 5 2 6 8 9 2 9 4 2 4 2 2 5 4 2 4 6 6 6 2 
-0.655454 -0.732806 -0.608676 -0.148624 4.371370 0.328298 0.241685 -0.337251 2.959450 -1.063300 0.888658 0.025868 0.605394 2 0 0 1 2 5 5 6 5 4 5 4 3 7 3 5 8 5 8 0 0 7 5 4 2 4 9 2 6 4 5 7 4 5 5 5 5 0 4 10 7 6 4 5 0 4 8 2 6 7 0 1 0 5 8 5 8 4 3 6 10 5 3 5 4 3 0 4 5 6 10 5 4 2 5 8 3 5 5 9 7 5 5 0 5 0 2 2 4 3 3 2 7 8 8 8 5 9 11 11 5 12 7 5 8 5 5 8 8 5 7 10 9 9 5 
-1.470730 -0.194208 1.365210 0.602088 2.405400 -1.113800 -1.043390 -1.787660 -0.054137 -1.106550 -0.032683 -0.496736 -0.388168 2 0 2 0 1 7 8 9 7 5 6 5 4 10 2 8 12 7 12 1 0 11 8 5 0 6 13 3 9 6 4 11 5 6 8 3 7 0 2 14 10 9 5 6 0 6 12 3 9 10 2 0 2 8 9 8 11 5 2 8 14 6 4 6 3 1 2 5 7 10 14 8 5 0 8 11 4 6 7 13 11 2 7 0 7 2 3 0 6 4 4 0 10 11 12 11 6 12 15 15 8 16 10 8 13 6 8 12 13 6 10 14 12 12 8 
-0.877801 -0.831549 -1.412850 -1.049480 -1.035060 0.408415 0.472598 -0.578985 0.313800 -0.933525 1.195770 0.181237 -1.015510 2 0 1 0 0 2 2 3 2 2 2 2 1 4 1 2 5 2 5 0 0 4 2 2 0 2 6 0 3 2 2 4 2 2 2 3 2 0 2 6 4 3 2 3 0 2 5 0 3 4 0 0 1 2 5 2 5 2 1 3 6 2 1 2 2 1 1 2 2 3 6 2 2 0 2 5 1 2 2 6 4 2 2 0 2 0 0 0 2 1 1 0 4 5 5 5 2 6 6 8 2 7 4 2 4 2 2 5 4 2 4 6 6 6 2 
-0.778980 -1.136750 -0.974210 -0.298767 -0.824415 1.962680 1.727560 -0.981875 0.629175 -0.241413 0.362177 0.223610 -0.276711 2 0 1 0 0 2 2 3 2 2 2 2 1 4 1 2 5 2 5 0 0 4 2 2 0 2 6 0 3 2 2 4 2 2 2 3 2 0 2 6 4 3 2 3 0 2 5 0 3 4 0 0 1 2 5 2 5 2 1 3 6 2 1 2 2 1 1 2 2 3 6 2 2 0 2 5 1 2 2 6 4 2 2 0 2 0 0 0 2 1 1 0 4 5 5 5 2 6 6 8 2 7 4 2 4 2 2 5 4 2 4 6 6 6 2 
-0.877801 0.748338 -0.572122 -0.448909 -0.824415 0.889114 0.964541 0.710264 2.135970 -1.193070 2.029370 0.308357 -1.085570 2 0 1 0 0 2 2 3 2 2 2 2 1 4 1 2 5 2 5 0 0 4 2 2 0 2 6 0 3 2 2 4 2 2 2 3 2 0 2 6 4 3 2 3 0 2 5 0 3 4 0 0 1 2 5 2 5 2 1 3 6 2 1 2 2 1 1 2 2 3 6 2 2 0 2 5 1 2 2 6 4 2 2 0 2 0 0 0 2 1 1 0 4 5 5 5 2 6 8 9 2 9 4 2 4 2 2 5 4 2 4 6 6 6 2 
-1.137210 -0.230114 -2.436350 -0.599052 -0.192495 -0.104332 0.141289 -0.820719 -0.334471 -0.760497 1.371270 0.491974 -0.117486 2 0 1 0 0 2 2 3 2 2 2 2 1 4 1 2 5 2 5 0 0 4 2 2 0 2 6 0 3 2 2 4 2 2 2 3 2 0 2 6 4 3 2 3 0 2 5 0 3 4 0 0 1 2 5 2 5 2 1 3 6 2 1 2 2 1 1 2 2 3 6 2 2 0 2 5 1 2 2 6 4 2 2 0 2 0 0 0 2 1 1 0 4 5 5 5 2 6 6 8 2 7 4 2 4 2 2 5 4 2 4 6 6 6 2 
-0.494869 -0.894385 -1.705280 -0.298767 -0.824415 -1.354150 -0.671924 -0.578985 -0.422075 -1.128180 0.362177 0.223610 -0.588791 2 0 1 0 0 2 2 3 2 2 2 2 1 4 1 2 5 2 5 0 0 4 2 2 0 2 6 0 3 2 2 4 2 2 2 3 2 0 2 9 4 3 2 3 0 2 5 0 3 4 0 0 1 2 5 2 5 2 1 3 9 2 1 2 2 1 1 2 2 3 9 2 2 0 2 5 1 2 2 6 4 2 2 0 2 0 0 0 2 1 1 0 4 5 5 5 2 6 10 6 2 11 4 2 7 2 2 5 7 2 4 9 6 6 2 
-0.816038 0.102021 0.341713 0.451946 -0.122282 0.424438 0.081051 -0.176095 -0.492158 -0.976782 -0.690784 1.085200 -0.983669 2 0 1 0 0 2 2 3 2 2 2 2 1 4 1 2 11 2 5 0 0 4 2 2 0 2 12 0 3 2 2 4 2 2 2 3 2 0 2 13 4 3 2 3 0 2 11 0 3 4 0 0 1 2 5 2 5 2 1 3 13 2 1 2 2 1 1 2 2 3 13 2 2 0 2 5 1 2 2 12 4 2 2 0 2 0 0 0 2 1 1 0 4 5 5 9 2 6 14 14 2 15 4 2 12 2 2 11 12 2 4 13 6 6 2 
-1.458380 -0.553273 -1.778380 0.001518 -0.964842 0.328298 -0.390814 0.065639 -0.299429 -1.296880 -0.076557 -0.242496 -1.056910 2 0 1 0 0 2 2 3 2 2 2 2 1 4 1 2 5 2 5 0 0 4 2 2 0 2 6 0 3 2 2 4 2 2 2 3 2 0 2 9 4 3 2 3 0 2 5 0 3 4 0 0 1 2 5 2 5 2 1 3 9 2 1 2 2 1 1 2 2 3 9 2 2 0 2 5 1 2 2 6 4 2 2 0 2 0 0 0 2 1 1 0 4 5 5 5 2 6 10 6 2 11 4 2 7 2 2 5 7 2 4 9 6 6 2 
-0.606043 -0.544297 -1.412850 0.301803 -1.035060 -0.152402 -0.109703 -0.337251 -0.194304 -0.916222 0.362177 1.353560 -0.238497 2 0 1 0 0 2 2 3 2 2 2 2 1 4 1 2 5 2 5 0 0 4 2 2 0 2 6 0 3 2 2 4 2 2 2 3 2 0 2 9 4 3 2 3 0 2 5 0 3 4 0 0 1 2 5 2 5 2 1 3 9 2 1 2 2 1 1 2 2 3 9 2 2 0 2 5 1 2 2 6 4 2 2 0 2 0 0 0 2 1 1 0 4 5 5 5 2 6 10 6 2 11 4 2 7 2 2 5 7 2 4 9 6 6 2 
-0.717217 0.191787 -0.352802 0.752231 -0.683988 -0.985614 -0.190020 2.402400 -0.299429 -1.020040 -0.427544 0.972205 -1.375360 2 0 1 0 0 4 4 5 4 2 4 2 1 6 1 4 7 4 7 0 0 6 4 2 0 2 8 0 5 2 4 6 2 4 4 3 4 0 2 8 6 5 2 3 0 2 7 0 5 6 0 0 1 4 7 4 7 2 1 5 8 4 1 4 2 1 1 2 4 5 8 4 2 0 4 7 1 4 4 8 6 4 4 0 4 0 0 0 2 1 1 0 6 7 7 7 4 8 9 10 4 10 6 4 6 4 4 7 6 4 6 8 8 8 4 
-0.927212 -0.544297 -0.901103 -0.148624 -1.386120 -1.033680 0.000733 0.065639 0.068508 -0.717240 0.186684 0.788587 -0.754385 2 0 1 0 0 2 2 3 2 2 2 2 1 4 1 2 5 2 5 0 0 4 2 2 0 2 6 0 3 2 2 4 2 2 2 3 2 0 2 9 4 3 2 3 0 2 5 0 3 4 0 0 1 2 5 2 5 2 1 3 9 2 1 2 2 1 1 2 2 3 9 2 2 0 2 5 1 2 2 6 4 2 2 0 2 0 0 0 2 1 1 0 4 5 5 5 2 6 10 6 2 11 4 2 7 2 2 5 7 2 4 9 6 6 2 
-0.346638 -0.526343 -0.316249 0.902373 -1.105270 -1.466310 -0.270338 0.951998 0.068508 -0.760497 -0.339797 -0.270745 -0.824444 2 0 1 0 0 4 4 5 4 2 4 2 1 6 1 4 7 4 7 0 0 6 4 2 0 2 8 0 5 2 4 6 2 4 4 3 4 0 2 8 6 5 2 3 0 2 7 0 5 6 0 0 1 4 7 4 7 2 1 5 8 4 1 4 2 1 1 2 4 5 8 4 2 0 4 7 1 4 4 8 6 4 4 0 4 0 0 0 2 1 1 0 6 7 7 7 4 8 9 10 4 10 6 4 6 4 4 7 6 4 6 8 8 8 4 
-0.964270 -0.939268 -1.559060 -0.148624 -0.543562 0.103972 0.010773 0.226796 0.856946 -1.020040 -0.427544 0.576721 -1.384910 2 0 1 0 0 2 2 3 2 2 2 2 1 4 1 2 5 2 5 0 0 4 2 2 0 2 6 0 3 2 2 4 2 2 2 3 2 0 2 9 4 3 2 3 0 2 5 0 3 4 0 0 1 2 5 2 5 2 1 3 9 2 1 2 2 1 1 2 2 3 9 2 2 0 2 5 1 2 2 6 4 2 2 0 2 0 0 0 2 1 1 0 4 5 5 5 2 6 10 6 2 11 4 2 7 2 2 5 7 2 4 9 6 6 2 
-1.717780 -0.885409 1.218990 0.151661 -0.403135 0.712858 0.894264 -0.578985 1.575300 -1.041670 0.011190 0.915707 -0.213021 2 0 1 0 0 2 2 3 2 2 2 2 1 4 1 2 11 2 5 0 0 4 2 2 0 2 12 0 3 2 2 4 2 2 2 3 2 0 2 13 4 3 2 3 0 2 11 0 3 4 0 0 1 2 5 2 5 2 1 3 13 2 1 2 2 1 1 2 2 3 13 2 2 0 2 5 1 2 2 12 4 2 2 0 2 0 0 0 2 1 1 0 4 5 5 9 2 6 14 14 2 15 4 2 12 2 2 11 12 2 4 13 6 6 2 
-1.903070 1.260010 -1.997710 0.001518 0.509638 1.417880 0.552915 -0.981875 3.485070 -0.933525 -0.910151 0.280108 -0.588791 2 0 1 0 0 2 2 10 2 2 2 2 1 11 1 9 13 2 13 0 0 12 2 2 0 2 14 0 3 2 2 4 2 2 2 3 2 0 2 15 4 10 2 3 0 2 13 0 3 11 0 0 1 9 12 2 12 2 1 3 15 2 1 2 2 1 1 2 2 11 15 2 2 0 2 5 1 2 2 14 12 2 2 0 2 0 0 0 2 1 1 0 11 12 13 12 10 13 16 16 2 17 11 2 14 2 2 13 14 2 11 15 13 13 9 
-0.593691 0.084068 -0.718336 0.451946 -0.824415 0.408415 0.241685 -0.820719 -0.649846 -1.322840 -0.252050 0.237735 -1.343520 2 0 1 0 0 2 2 3 2 2 2 2 1 4 1 2 11 2 5 0 0 4 2 2 0 2 12 0 3 2 2 4 2 2 2 3 2 0 2 13 4 3 2 3 0 2 11 0 3 4 0 0 1 2 5 2 5 2 1 3 13 2 1 2 2 1 1 2 2 3 13 2 2 0 2 5 1 2 2 12 4 2 2 0 2 0 0 0 2 1 1 0 4 5 5 9 2 6 14 14 2 15 4 2 12 2 2 11 12 2 4 13 6 6 2 
-1.532490 0.308483 2.023170 0.151661 0.228785 -0.873451 0.000733 1.918930 -0.947700 -0.544212 1.195770 -0.157749 -0.445489 2 0 1 0 0 4 4 5 4 2 4 2 1 6 1 4 7 4 7 0 0 6 4 2 0 2 8 0 5 2 4 6 2 4 4 3 4 0 2 8 6 5 2 3 0 2 7 0 5 6 0 0 1 4 7 4 7 2 1 5 8 4 1 4 2 1 1 2 4 5 8 4 2 0 4 7 1 4 4 8 6 4 4 0 4 0 0 0 2 1 1 0 6 7 7 7 4 8 9 10 4 10 6 4 6 4 4 7 6 4 6 8 8 8 4 
-1.964830 -1.432980 0.487926 0.451946 -0.824415 0.296251 -0.019346 0.468530 -0.264388 -0.855662 0.625418 -0.426113 -0.996407 2 0 1 0 0 4 4 5 4 2 4 2 1 6 1 4 7 4 7 0 0 6 4 2 0 2 8 0 5 2 4 6 2 4 4 3 4 0 2 8 6 5 2 3 0 2 7 0 5 6 0 0 1 4 7 4 7 2 1 5 8 4 1 4 2 1 1 2 4 5 8 4 2 0 4 7 1 4 4 8 6 4 4 0 4 0 0 0 2 1 1 0 6 7 7 7 4 8 9 10 4 10 6 4 6 4 4 7 6 4 6 8 8 8 4 
-1.137210 -0.849502 0.487926 0.902373 -1.105270 0.424438 0.261765 0.549108 -0.965221 -0.933525 -0.120430 0.816836 -1.152450 2 0 1 0 0 4 4 5 4 2 4 2 1 6 1 4 7 4 7 0 0 6 4 2 0 2 8 0 5 2 4 6 2 4 4 3 4 0 2 8 6 5 2 3 0 2 7 0 5 6 0 0 1 4 7 4 7 2 1 5 8 4 1 4 2 1 1 2 4 5 8 4 2 0 4 7 1 4 4 8 6 4 4 0 4 0 0 0 2 1 1 0 6 7 7 7 4 8 9 10 4 10 6 4 6 4 4 7 6 4 6 8 8 8 4 
-2.434240 -0.741782 -0.608676 0.602088 -1.035060 0.264205 0.141289 1.274310 0.734300 -1.366090 3.301690 0.364855 -1.082390 2 0 1 0 0 4 4 5 4 2 4 2 1 6 1 4 7 4 7 0 0 6 4 2 0 2 8 0 5 2 4 6 2 4 4 3 4 0 2 8 6 5 2 3 0 2 7 0 5 6 0 0 1 4 7 4 7 2 1 5 8 4 1 4 2 1 1 2 4 5 8 4 2 0 4 7 1 4 4 8 6 4 4 0 4 0 0 0 2 1 1 0 6 7 7 7 4 8 9 10 4 10 6 4 6 4 4 7 6 4 6 8 8 8 4 
-1.458380 -0.777689 -1.376300 0.391889 -0.964842 -0.504914 -0.430972 -0.498407 -0.106700 -1.344470 -0.032683 1.014580 -0.802153 2 0 1 0 0 2 2 3 2 2 2 2 1 4 1 2 5 2 5 0 0 4 2 2 0 2 6 0 3 2 2 4 2 2 2 3 2 0 2 9 4 3 2 3 0 2 5 0 3 4 0 0 1 2 5 2 5 2 1 3 9 2 1 2 2 1 1 2 2 3 9 2 2 0 2 5 1 2 2 6 4 2 2 0 2 0 0 0 2 1 1 0 4 5 5 5 2 6 10 6 2 11 4 2 7 2 2 5 7 2 4 9 6 6 2 
-0.717217 -0.652016 -0.645229 0.902373 0.579852 -0.472868 0.060971 -0.176095 0.033467 -1.296880 0.449924 0.491974 -1.279830 2 0 1 0 0 2 2 3 2 2 2 2 1 4 1 2 11 2 5 0 0 4 2 2 0 2 12 0 3 2 2 4 2 2 2 3 2 0 2 13 4 3 2 3 0 2 11 0 3 4 0 0 1 2 5 2 5 2 1 3 13 2 1 2 2 1 1 2 2 3 13 2 2 0 2 5 1 2 2 12 4 2 2 0 2 0 0 0 2 1 1 0 4 5 5 9 2 6 14 14 2 15 4 2 12 2 2 11 12 2 4 13 6 6 2 
-0.284874 0.981731 -1.412850 -1.049480 -1.386120 -1.065730 -0.782361 0.549108 -1.333160 -0.717240 -1.129520 -0.694478 -1.193850 2 0 2 0 1 7 8 9 7 5 6 5 4 12 2 8 14 7 12 1 1 11 8 5 1 6 15 3 9 6 6 11 5 8 8 6 6 1 5 16 10 9 5 6 0 6 12 3 10 10 2 0 2 8 13 8 11 5 2 8 14 6 4 6 3 2 2 5 7 10 14 8 5 3 8 11 4 6 7 13 13 6 7 2 7 2 3 3 6 4 4 3 12 13 12 11 11 12 15 15 8 16 12 9 15 6 8 12 15 6 12 14 14 12 8 
-1.236030 0.981731 -1.339740 -0.148624 -0.894628 -0.472868 -0.390814 0.065639 0.489009 -1.634290 -0.120430 0.619094 -0.582422 2 0 1 0 0 2 2 3 2 2 2 2 1 4 1 2 5 2 5 0 0 4 2 2 0 2 6 0 3 2 2 4 2 2 2 3 2 0 2 9 4 3 2 3 0 2 5 0 3 4 0 0 1 2 5 2 5 2 1 3 9 2 1 2 2 1 1 2 2 3 9 2 2 0 2 5 1 2 2 6 4 2 2 0 2 0 0 0 2 1 1 0 4 5 5 5 2 6 10 6 2 11 4 2 7 2 2 5 7 2 4 9 6 6 2 
-1.915420 0.057138 0.195499 0.151661 -0.262708 0.969231 0.763748 -0.337251 0.418925 -0.782125 -0.690784 1.099320 -0.388168 2 0 1 0 0 2 2 3 2 2 2 2 1 4 1 2 11 2 5 0 0 4 2 2 0 2 12 0 3 2 2 4 2 2 2 3 2 0 2 13 4 3 2 3 0 2 11 0 3 4 0 0 1 2 5 2 5 2 1 3 13 2 1 2 2 1 1 2 2 3 13 2 2 0 2 5 1 2 2 12 4 2 2 0 2 0 0 0 2 1 1 0 4 5 5 9 2 6 14 14 2 15 4 2 12 2 2 11 12 2 4 13 6 6 2 
-1.779540 -0.257044 3.156330 2.704080 1.352200 1.417880 3.062830 0.871420 0.489009 0.407442 -0.120430 1.523060 -0.897687 2 0 0 0 0 1 1 2 1 1 1 1 0 3 0 1 4 1 4 0 0 3 1 1 0 1 5 0 2 1 1 3 1 1 1 2 1 0 1 5 3 2 1 2 0 1 4 0 2 3 0 0 0 1 4 1 4 1 0 2 5 1 0 1 1 0 0 1 1 2 5 1 1 0 1 4 0 1 1 5 3 1 1 0 1 0 0 0 1 0 0 0 3 4 4 4 1 5 5 5 1 6 3 1 3 1 1 4 3 1 3 5 5 5 1 
-0.717217 1.879390 1.328650 2.103510 0.158572 -0.152402 0.101130 0.549108 0.208675 -1.288230 -0.164303 0.717965 -1.216140 2 0 1 0 0 6 6 7 6 2 2 2 1 8 1 6 9 6 10 0 0 9 6 2 0 5 10 0 7 5 2 9 2 7 6 3 2 0 2 11 8 7 2 3 0 5 9 0 7 8 0 0 1 6 10 6 9 2 1 7 11 2 1 2 2 1 1 2 6 8 11 6 2 0 6 9 1 2 2 10 9 2 6 0 6 0 0 0 5 1 1 0 8 9 10 9 8 10 12 12 6 13 8 6 10 2 6 9 10 2 8 11 10 10 6 
0.061000 3.109190 -0.864550 0.602088 -0.964842 0.520578 0.623193 -0.498407 0.734300 -1.063300 -0.997898 0.689716 -1.168370 2 0 1 0 0 2 2 3 2 2 2 2 1 4 1 9 11 2 5 0 0 4 2 2 0 2 12 0 3 2 2 4 2 2 2 3 2 0 2 13 4 3 2 3 0 2 11 0 3 4 0 0 1 9 5 2 5 2 1 3 13 2 1 2 2 1 1 2 2 3 13 2 2 0 2 5 1 2 2 12 4 2 2 0 2 0 0 0 2 1 1 0 4 5 3 9 2 6 14 14 2 15 4 2 12 2 2 11 12 2 4 13 6 6 2 
-1.396610 1.771670 0.085839 0.451946 -1.245700 0.905137 1.004700 -1.223610 2.311180 -0.976782 -0.910151 1.452440 -1.168370 2 0 1 0 0 2 2 10 2 2 2 2 1 11 1 9 13 2 13 0 0 12 2 2 0 2 14 0 3 2 2 4 2 2 2 3 2 0 2 15 4 10 2 3 0 2 13 0 3 11 0 0 1 9 12 2 12 2 1 3 15 2 1 2 2 1 1 2 2 11 15 2 2 0 2 5 1 2 2 14 12 2 2 0 2 0 0 0 2 1 1 0 11 12 13 12 10 13 16 16 2 17 11 2 14 2 2 13 14 2 11 15 13 13 9 
-1.149560 -0.158301 -0.718336 0.451946 -1.035060 0.488531 0.623193 0.065639 -0.422075 -0.994085 -0.427544 0.943956 -1.174740 2 0 1 0 0 2 2 3 2 2 2 2 1 4 1 2 11 2 5 0 0 4 2 2 0 2 12 0 3 2 2 4 2 2 2 3 2 0 2 13 4 3 2 3 0 2 11 0 3 4 0 0 1 2 5 2 5 2 1 3 13 2 1 2 2 1 1 2 2 3 13 2 2 0 2 5 1 2 2 12 4 2 2 0 2 0 0 0 2 1 1 0 4 5 5 9 2 6 14 14 2 15 4 2 12 2 2 11 12 2 4 13 6 6 2 
-0.704864 -0.723829 -0.279695 0.602088 -0.964842 0.712858 1.125180 0.226796 0.313800 -0.483652 -1.173390 0.322481 -1.257540 2 0 1 0 0 2 2 3 2 2 2 2 1 4 1 2 11 2 5 0 0 4 2 2 0 2 12 0 3 2 2 4 2 2 2 3 2 0 2 13 4 3 2 3 0 2 11 0 3 4 0 0 1 2 5 2 5 2 1 3 13 2 1 2 2 1 1 2 2 3 13 2 2 0 2 5 1 2 2 12 4 2 2 0 2 0 0 0 2 1 1 0 4 5 5 9 2 6 14 14 2 15 4 2 12 2 2 11 12 2 4 13 6 6 2 
-1.495430 -0.185231 1.511420 2.704080 -0.543562 -0.264565 0.211566 1.757780 0.296279 -0.890268 0.055064 -0.242496 -0.894503 2 0 1 0 0 4 4 7 4 2 4 2 1 6 1 4 7 4 10 0 0 6 4 2 0 2 8 0 5 2 4 6 2 4 4 3 4 0 2 8 6 5 2 3 0 2 9 0 5 8 0 0 1 4 7 4 7 2 1 5 8 2 1 4 2 1 1 2 4 8 8 4 2 0 4 7 1 4 4 8 6 2 4 0 4 0 0 0 2 1 1 0 8 7 7 9 4 8 9 10 4 10 6 4 6 4 6 7 6 4 6 8 8 8 4 
-0.778980 -0.634063 -0.243142 1.502940 -0.824415 -0.120355 0.422399 0.307374 0.541571 -1.270930 -0.295924 0.237735 -1.289380 2 0 1 0 0 2 2 3 2 2 2 2 1 4 1 2 11 2 5 0 0 4 2 2 0 2 12 0 3 2 2 4 2 2 2 3 2 0 2 13 4 3 2 3 0 2 11 0 3 4 0 0 1 2 5 2 5 2 1 3 13 2 1 2 2 1 1 2 2 3 13 2 2 0 2 5 1 2 2 12 4 2 2 0 2 0 0 0 2 1 1 0 4 5 5 9 2 6 14 14 2 15 4 2 12 2 2 11 12 2 4 13 6 6 2 
-1.186620 1.762700 0.049286 0.752231 -1.386120 -0.312635 -0.280377 0.468530 -0.422075 -1.063300 -0.734657 -0.058878 -0.531471 2 0 1 0 0 6 4 5 4 2 2 2 1 6 1 6 9 6 10 0 0 9 6 2 0 2 10 0 7 2 2 9 2 7 6 3 2 0 2 11 8 5 2 3 0 2 7 0 5 8 0 0 1 6 7 6 9 2 1 7 11 4 1 4 2 1 1 2 6 8 11 6 2 0 6 9 1 2 2 10 6 4 4 0 4 0 0 0 5 1 1 0 6 7 10 9 8 10 12 12 6 13 6 6 6 2 6 7 10 4 6 8 8 10 6 
-0.173700 -0.885409 -0.170035 -0.448909 1.562840 -1.258010 -0.782361 -1.223610 -1.140430 -0.414441 -0.866278 -1.866810 -0.372246 3 0 2 0 1 7 8 9 7 5 6 5 4 10 2 8 12 7 12 1 1 11 8 5 1 6 13 3 9 6 6 11 5 6 8 6 7 1 5 14 10 9 5 6 0 6 12 3 9 10 2 0 2 8 9 8 11 5 2 8 14 6 4 6 3 2 2 5 7 10 14 8 5 3 8 11 4 6 7 13 11 6 7 2 7 2 3 3 6 4 4 3 10 11 12 11 6 12 15 15 8 16 10 8 13 6 8 12 13 6 10 14 12 12 8 
-0.148995 0.586759 0.122392 0.151661 0.298998 -1.594500 -0.812480 -0.981875 -1.333160 0.147900 -0.954024 -1.683190 -0.690695 3 0 2 0 1 7 8 9 7 5 6 5 4 12 2 8 14 7 12 1 1 11 8 5 1 6 15 3 9 6 6 11 5 8 8 6 6 1 5 16 10 9 5 6 0 6 12 3 10 10 2 0 2 8 13 8 11 5 2 8 14 6 4 6 3 2 2 5 7 10 14 8 5 3 8 11 4 6 7 13 13 6 7 2 7 2 3 3 6 4 4 3 12 13 12 11 11 12 15 15 8 16 12 9 15 6 8 12 15 6 12 14 14 12 8 
-0.235464 -0.023652 0.122392 1.352800 -0.122282 -1.834850 -0.942995 -0.740141 -1.333160 0.277671 -1.305010 -1.767930 -0.595160 3 0 2 0 1 7 8 9 7 5 6 5 4 12 2 8 14 7 12 1 1 11 8 5 1 6 15 3 9 6 6 11 5 8 8 6 6 1 5 16 10 9 5 6 0 6 12 3 10 10 2 0 2 8 13 8 11 5 2 8 14 6 4 6 3 2 2 5 7 10 14 8 5 3 8 11 4 6 7 13 13 6 7 2 7 2 3 3 6 4 4 3 12 13 12 11 11 12 15 15 8 16 12 9 15 6 8 12 15 6 12 14 14 12 8 
-0.371343 1.089450 -0.023821 0.602088 0.439425 -0.953567 -0.832559 -1.545920 -1.315640 -0.025128 -0.778531 -1.866810 -0.467781 3 0 2 0 1 7 8 9 7 5 6 5 4 12 2 8 14 7 12 1 1 11 8 5 1 6 15 3 9 6 6 11 5 8 8 6 6 1 5 16 10 9 5 6 0 6 12 3 10 10 2 0 2 8 13 8 11 5 2 8 14 6 4 6 3 2 2 5 7 10 14 8 5 3 8 11 4 6 7 13 13 6 7 2 7 2 3 3 6 4 4 3 12 13 12 11 11 12 15 15 8 16 12 9 15 6 8 12 15 6 12 14 14 12 8 
-0.606043 -0.984151 -0.425909 -0.599052 -1.035060 -0.472868 -1.455020 1.918930 -0.597284 0.169529 -0.910151 -1.556070 -0.308556 3 0 2 0 1 7 7 8 7 5 6 5 4 13 2 3 15 7 14 1 1 13 3 5 1 6 16 3 8 6 6 12 5 8 7 6 6 1 5 17 11 8 5 6 0 6 14 1 11 12 2 0 2 10 14 7 13 3 2 8 16 6 4 6 3 2 2 5 7 12 16 3 3 1 7 12 2 6 3 15 14 6 7 2 7 2 3 3 6 4 2 3 13 14 14 13 9 14 17 17 3 18 9 7 16 6 9 14 16 6 13 16 15 11 3 
-0.494869 0.110998 -0.608676 -0.298767 -0.403135 -1.081750 -1.374700 2.160670 -1.140430 0.883269 -0.997898 -1.457200 -0.165254 3 0 2 0 1 7 7 8 7 5 6 5 4 13 2 3 15 7 14 1 1 13 3 5 1 6 16 3 8 6 6 12 5 8 7 6 6 1 5 17 11 8 5 6 0 6 14 3 11 12 2 0 2 10 14 7 13 3 2 8 16 6 4 6 3 2 2 5 7 12 16 3 3 3 7 12 2 6 3 15 14 6 7 2 7 2 3 3 6 4 2 3 13 14 14 13 9 14 18 17 3 19 9 7 16 6 9 14 16 6 13 16 15 11 3 
-0.927212 2.139720 0.634140 0.451946 -0.754202 -1.466310 -1.565450 1.354890 -1.385720 -0.522583 -0.910151 -1.895050 -0.085641 3 0 2 0 1 7 9 8 7 5 6 5 4 14 2 10 16 7 15 1 1 14 9 6 1 6 17 3 10 6 6 13 5 8 9 6 6 1 5 18 12 8 5 6 0 6 15 3 12 13 2 0 2 11 15 9 14 5 2 8 17 6 4 6 3 2 2 5 7 13 17 9 5 3 9 13 4 7 8 16 15 6 7 2 7 2 3 3 6 4 4 3 14 15 15 10 12 15 19 18 9 20 13 7 17 6 10 15 17 6 14 17 16 14 7 
-0.581338 2.848870 0.999674 1.653090 -0.262708 -0.809357 -1.434940 2.160670 -0.860096 -0.025128 -0.603037 -1.301830 -0.738463 3 0 2 0 1 7 9 8 7 5 6 5 4 14 2 10 16 7 15 1 1 14 9 6 1 6 17 3 10 6 6 13 5 8 9 6 6 1 5 18 12 8 5 6 0 6 15 3 12 13 2 0 2 11 15 9 14 5 2 8 17 6 4 6 3 2 2 5 7 13 17 9 5 3 9 13 4 7 8 16 15 6 7 2 7 2 3 3 6 4 4 3 14 15 15 10 12 15 19 18 9 20 13 7 17 6 10 15 17 6 14 17 16 14 7 
0.604516 1.125360 -0.645229 0.001518 -0.824415 -1.081750 -1.555420 1.757780 -1.245550 0.277671 -0.646911 -1.118210 -0.531471 3 0 2 0 1 7 7 8 7 5 6 5 4 9 2 7 10 7 11 1 1 10 7 5 1 6 11 3 8 6 6 10 5 8 7 6 6 1 5 12 9 8 5 6 0 6 10 3 8 9 2 0 2 7 11 7 10 5 2 8 12 6 4 6 3 2 2 5 7 9 12 7 5 3 7 10 4 6 6 11 10 6 7 2 7 2 3 3 6 4 4 3 9 10 11 10 9 11 13 13 7 14 9 7 11 6 7 10 11 6 9 12 11 11 7 
-0.198406 0.559829 0.890014 1.352800 0.088358 0.039878 -1.434940 1.354890 -1.368200 -0.059734 -0.295924 -0.652104 -0.499626 3 0 2 0 1 7 9 11 8 5 6 5 4 14 2 10 16 7 15 1 1 14 10 6 1 6 17 3 10 6 7 13 6 9 9 6 6 1 5 18 12 11 5 6 0 6 15 3 12 14 2 0 2 11 16 9 14 5 2 8 17 6 4 6 3 2 2 5 7 13 17 9 5 3 9 13 4 7 8 16 15 6 7 2 7 2 3 3 6 4 4 3 15 15 15 14 12 15 19 18 9 18 13 7 17 7 10 15 17 6 14 17 16 14 7 
-0.087232 0.425180 1.218990 0.451946 -0.262708 -1.209940 -1.535340 1.354890 -1.473330 -0.198156 -0.822404 -0.426113 -0.467781 3 0 2 0 1 7 9 11 8 5 6 5 4 14 2 10 16 7 15 1 1 14 10 6 1 6 17 3 10 6 7 13 6 9 9 6 6 1 5 18 12 11 5 6 0 6 15 3 12 14 2 0 2 11 16 9 14 5 2 8 17 6 4 6 3 2 2 5 7 13 17 9 5 3 9 13 4 7 8 16 15 6 7 2 7 2 3 3 6 4 4 3 15 15 15 14 12 15 19 18 9 20 13 7 17 7 10 15 17 6 14 17 16 14 7 
0.443932 0.200764 -0.060375 0.151661 -0.754202 -1.434270 -1.535340 0.065639 -1.666050 0.234414 -1.129520 -0.200123 0.105428 3 0 2 0 1 7 8 9 7 5 6 5 4 12 2 8 14 7 12 1 1 11 8 5 1 6 15 3 9 6 6 11 5 8 8 6 6 1 5 16 10 9 5 6 0 6 12 3 10 10 2 0 2 8 13 8 11 5 2 8 14 6 4 6 3 2 2 5 7 10 14 8 5 3 8 11 4 6 7 13 13 6 7 2 7 2 3 3 6 4 4 3 12 13 12 11 11 12 15 15 8 16 12 9 15 6 8 12 15 6 12 14 14 12 8 
0.641574 0.748338 1.292100 1.202660 -0.192495 -1.193920 -1.515260 1.113150 -1.823740 -0.306298 -0.295924 -0.779224 -0.722540 3 0 2 0 1 7 9 11 8 5 6 5 4 14 2 10 16 7 15 1 1 14 10 6 1 6 17 3 10 6 7 13 6 9 9 6 6 1 5 18 12 11 5 6 0 6 15 3 12 14 2 0 2 11 16 9 14 5 2 8 17 6 4 6 3 2 2 5 7 13 17 9 5 3 9 13 4 7 8 16 15 6 7 2 7 2 3 3 6 4 4 3 15 15 15 14 12 15 19 18 9 20 13 7 17 7 10 15 17 6 14 17 16 14 7 
0.765101 2.346180 -0.060375 0.151661 -0.543562 -0.472868 -1.234150 0.871420 -1.000260 -0.284670 -0.208177 -0.793348 -0.627005 3 0 2 0 1 7 7 8 7 5 6 5 4 9 2 7 10 7 11 1 1 10 7 5 1 6 11 3 8 6 6 10 5 8 7 6 6 1 5 12 9 8 5 6 0 6 10 3 8 9 2 0 2 7 11 7 10 5 2 8 12 6 4 6 3 2 2 5 7 9 12 7 5 3 7 10 4 6 6 11 10 6 7 2 7 2 3 3 6 4 4 3 9 10 11 10 9 11 13 13 7 14 9 7 11 6 7 10 11 6 9 12 11 11 7 
-0.927212 1.385680 -0.608676 -0.298767 0.860705 -1.466310 -1.254230 -0.578985 -0.790013 1.363420 -1.348880 -0.863971 0.344265 3 0 2 0 1 7 8 9 7 5 6 5 4 12 2 8 14 7 12 1 1 11 8 5 1 6 15 3 9 6 6 11 5 8 8 6 6 1 5 16 10 9 5 6 0 6 12 3 10 10 2 0 2 8 13 8 11 5 2 8 14 6 4 6 3 2 2 5 7 14 14 8 5 3 8 11 4 6 7 13 13 6 7 2 7 2 3 3 6 4 4 3 12 13 12 11 13 12 15 15 8 16 12 9 15 6 8 12 15 6 12 14 14 12 8 
0.196879 1.107400 -0.791443 0.451946 0.158572 -1.274030 -1.485140 0.549108 -0.509679 -0.457698 -1.568250 -1.315950 0.264653 3 0 2 0 1 7 8 9 7 5 6 5 4 12 2 8 14 7 12 1 1 11 8 5 1 6 15 3 9 6 6 11 5 8 8 6 6 1 5 16 10 9 5 6 0 6 12 3 10 10 2 0 2 8 13 8 11 5 2 8 14 6 4 6 3 2 2 5 7 10 14 8 5 3 8 11 4 6 7 13 13 6 7 2 7 2 3 3 6 4 4 3 12 13 12 11 11 12 15 15 8 16 12 9 15 6 8 12 15 6 12 14 14 12 8 
1.086270 2.426970 -0.499016 0.151661 -1.386120 -2.107250 -1.695970 0.307374 -1.595970 -0.068385 -1.656000 -1.810310 -1.056910 3 0 2 0 1 7 7 8 7 5 6 5 4 9 2 7 10 7 11 1 1 10 7 5 1 6 11 3 8 6 6 10 5 8 7 6 6 1 5 12 9 8 5 6 0 6 10 3 8 9 2 0 2 7 11 7 10 5 2 8 12 6 4 6 3 2 2 5 7 9 12 7 5 3 7 10 4 6 6 11 10 6 7 2 7 2 3 3 6 4 4 3 9 10 11 10 9 11 13 13 7 14 9 7 11 6 7 10 11 6 9 12 11 11 7 
-0.161348 2.040970 0.414820 0.602088 -0.964842 -0.953567 -1.384740 0.871420 -1.280600 1.121180 -1.831490 -1.061710 -0.388168 3 0 2 0 1 7 7 8 7 5 6 5 4 15 2 7 17 7 16 1 1 15 7 5 1 6 18 3 8 6 6 14 5 8 7 6 6 1 5 19 13 8 5 6 0 6 16 3 13 13 2 0 2 7 15 7 15 5 2 8 18 6 4 6 3 2 2 5 7 12 18 7 5 3 7 14 4 6 6 17 16 6 7 2 7 2 3 3 6 4 4 3 14 16 16 10 9 16 17 19 10 18 9 7 18 6 11 16 18 6 15 18 17 11 7 
0.394521 0.811175 0.049286 0.602088 -0.543562 -0.585031 -1.274300 0.710264 -0.597284 1.454260 -1.787620 -1.400700 -0.308556 3 0 2 0 1 7 7 8 7 5 6 5 4 15 2 11 17 7 16 1 1 15 7 5 1 6 18 3 8 6 6 14 5 8 7 6 6 1 5 19 13 8 5 6 0 6 16 3 13 13 2 0 2 12 15 7 15 5 2 8 18 6 4 6 3 2 2 5 7 12 18 10 5 3 7 14 4 6 6 17 16 6 7 2 7 2 3 3 6 4 4 3 14 16 16 15 9 16 17 19 10 18 9 7 18 6 11 16 18 6 15 18 17 11 7 
0.098058 1.403630 -0.023821 0.602088 0.930918 -1.418240 -0.641805 -0.176095 -0.790013 1.878180 -1.699870 -1.810310 -0.627005 3 0 2 0 1 7 7 12 7 5 6 5 4 16 2 11 18 7 16 1 1 15 7 5 1 6 19 3 8 6 6 14 5 8 7 6 6 1 5 20 13 8 5 6 0 6 17 3 14 13 2 0 2 12 17 7 16 5 2 8 19 6 4 6 3 2 2 5 7 14 19 10 5 3 7 14 4 6 6 18 17 6 7 2 7 2 3 3 6 4 4 3 16 17 17 16 13 17 20 20 10 21 9 7 19 6 11 17 19 6 15 19 18 15 7 
0.616869 0.703455 0.926567 1.352800 1.633050 -1.434270 -0.461091 -1.143030 -0.597284 1.532120 -1.612130 -1.852680 -0.786230 3 0 2 0 1 7 7 12 7 5 6 5 4 16 2 11 18 7 16 1 1 15 7 5 1 6 19 3 8 6 6 14 5 8 7 6 6 1 5 20 13 8 5 6 0 6 17 3 14 13 2 0 2 12 17 7 16 5 2 8 19 6 4 6 3 2 2 5 7 14 19 10 5 3 7 14 4 6 6 18 17 6 7 2 7 2 3 3 6 4 4 3 16 17 17 16 13 17 20 20 10 21 9 7 19 6 11 17 19 6 15 19 18 15 7 
-0.260169 0.299507 0.414820 0.752231 0.860705 -1.306080 -0.671924 -0.981875 -0.579763 2.483780 -2.094730 -1.612570 -0.849920 3 0 2 0 1 7 7 12 7 5 6 5 4 16 2 11 18 7 16 1 1 15 7 5 1 6 19 3 8 6 6 14 5 8 7 6 6 1 5 20 13 8 5 6 0 6 17 3 14 13 2 0 2 12 17 7 16 5 2 8 19 6 4 6 3 2 2 5 7 14 19 10 5 3 7 14 4 6 6 18 17 6 7 2 7 2 3 3 6 4 4 3 16 17 17 16 13 17 20 20 10 21 9 7 19 6 11 17 19 6 15 19 18 15 7 
0.135116 -0.391694 1.401760 1.803230 1.141560 -0.152402 -0.752242 -0.820719 -0.054137 0.883269 -1.524380 -1.810310 -1.025070 3 0 2 0 1 7 7 12 7 5 6 5 4 16 2 11 18 7 16 1 1 15 7 5 1 6 19 3 8 6 6 14 5 8 7 6 6 1 5 20 13 8 5 6 0 6 17 3 14 13 2 0 2 12 17 7 16 5 2 8 19 6 4 6 3 2 2 5 7 14 19 10 5 3 7 14 4 6 6 18 17 6 7 2 7 2 3 3 6 4 4 3 16 17 17 16 13 17 20 20 10 21 9 7 19 6 11 17 19 6 15 19 18 15 7 
0.283348 0.865035 -0.316249 -0.298767 -0.122282 -0.793334 -1.204030 1.999510 0.489009 2.362660 -1.743750 -1.556070 -0.228944 3 0 2 0 1 7 7 8 7 5 6 5 4 15 2 11 17 7 16 1 1 15 7 5 1 6 18 3 8 6 6 14 5 8 7 6 6 1 5 19 13 8 5 6 0 6 16 3 13 13 2 0 2 12 15 7 15 5 2 8 18 6 4 6 3 2 2 5 7 12 18 10 5 3 7 14 4 6 6 17 16 6 7 2 7 2 3 3 6 4 4 3 14 16 16 15 9 16 17 19 10 18 9 7 18 6 11 16 18 6 15 18 17 11 7 
-0.519575 -0.939268 -0.974210 0.151661 0.228785 -1.306080 -1.455020 1.354890 -0.334471 1.099550 -1.656000 -1.499570 -0.340401 3 0 2 0 1 7 7 8 7 5 6 5 4 13 2 3 15 7 14 1 1 13 3 5 1 6 16 3 8 6 6 12 5 8 7 6 6 1 5 17 11 8 5 6 0 6 14 3 11 12 2 0 2 10 14 7 13 3 2 8 16 6 4 6 3 2 2 5 7 12 16 3 5 3 7 12 2 6 3 15 14 6 7 2 7 2 3 3 6 4 2 3 13 14 14 13 9 14 18 17 3 19 9 7 16 6 9 14 16 6 13 16 15 11 3 
0.209232 2.561620 -0.170035 0.752231 -0.473348 -0.889474 -1.404820 1.999510 -0.071658 1.229330 -1.568250 -1.598440 -0.069719 3 0 2 0 1 7 7 8 7 5 6 5 4 9 2 7 10 7 11 1 1 10 7 5 1 6 11 3 8 6 6 10 5 8 7 6 6 1 5 12 9 8 5 6 0 6 10 3 8 9 2 0 2 7 11 7 10 5 2 8 12 6 4 6 3 2 2 5 7 9 18 7 5 3 7 10 4 6 6 11 10 6 7 2 7 2 3 3 6 4 4 3 9 10 11 10 9 11 13 13 7 14 9 7 11 6 7 10 11 6 9 12 11 11 7 
1.036860 1.601120 0.049286 0.001518 -0.754202 -0.793334 -1.204030 0.951998 -0.054137 1.709480 -1.699870 -1.372450 -0.849920 3 0 2 0 1 7 7 8 7 5 6 5 4 15 2 11 17 7 16 1 1 15 7 5 1 6 18 3 8 6 6 14 5 8 7 6 6 1 5 19 13 8 5 6 0 6 16 3 13 13 2 0 2 12 15 7 15 5 2 8 18 6 4 6 3 2 2 5 7 12 18 10 5 3 7 14 4 6 6 17 16 6 7 2 7 2 3 3 6 4 4 3 14 16 16 15 9 16 17 19 10 18 9 7 18 6 11 16 18 6 15 18 17 11 7 
-0.680159 0.622666 0.999674 2.253660 -0.192495 -0.633101 -1.455020 2.160670 -0.790013 1.056300 -1.261140 -1.245330 0.423878 3 0 2 0 1 7 9 11 8 5 6 5 4 14 2 10 16 7 15 1 1 14 10 6 1 6 17 3 10 6 7 13 6 9 9 6 6 1 5 18 12 11 5 6 0 6 15 3 12 14 2 0 2 11 16 9 14 5 2 8 17 6 4 6 3 2 2 5 7 13 17 9 5 3 9 13 4 7 8 16 15 6 7 2 7 2 3 3 6 4 4 3 15 15 15 14 12 15 19 18 9 18 13 7 17 7 10 15 17 6 14 17 16 14 7 
1.654490 -0.589180 1.218990 1.653090 -0.122282 0.808997 -0.722123 1.354890 1.943240 3.435430 -1.699870 -0.920468 -0.276711 3 0 2 0 1 7 10 13 9 6 6 5 4 17 2 12 19 8 17 1 1 16 11 7 1 7 20 3 11 7 8 15 7 10 10 7 8 1 6 21 14 12 5 7 1 7 18 3 15 15 2 2 2 13 18 10 17 5 2 9 20 7 5 6 3 2 2 6 7 15 20 11 6 3 10 15 4 8 9 19 18 7 8 2 7 3 4 4 7 4 4 3 17 18 18 17 14 18 21 21 11 22 14 10 20 8 12 18 20 6 15 20 19 16 10 
0.592164 -0.598156 0.999674 0.902373 -0.754202 0.488531 -0.932956 1.274310 1.224880 2.894720 -1.699870 -1.174710 -0.404091 3 0 2 0 1 7 10 13 9 6 6 5 4 17 2 12 19 8 17 1 1 16 11 7 1 7 20 3 11 7 8 15 7 10 10 7 8 1 6 21 14 12 5 7 1 7 18 3 15 15 2 2 2 13 18 10 17 5 2 9 20 7 5 6 3 2 2 6 7 15 20 11 6 3 10 15 4 8 9 19 18 7 8 2 7 3 4 4 7 4 4 3 17 18 18 17 14 18 21 21 11 22 14 10 20 8 12 18 20 6 15 20 19 16 10 
-0.791333 1.340800 0.049286 0.451946 -0.824415 0.007832 -1.113670 1.113150 -0.965221 1.121180 -1.743750 -1.457200 -0.722540 3 0 2 0 1 7 7 8 7 5 6 5 4 15 2 7 17 7 16 1 1 15 7 5 1 6 18 3 8 6 6 14 5 8 7 6 6 1 5 19 13 8 5 6 0 6 16 3 13 13 2 0 2 7 15 7 15 5 2 8 18 6 4 6 3 2 2 5 7 12 18 7 5 3 7 14 4 6 6 17 16 6 7 2 7 2 3 3 6 4 4 3 14 16 16 10 9 16 17 19 10 18 9 7 18 6 11 16 18 6 15 18 17 11 7 
0.851569 0.829128 0.634140 0.151661 0.509638 -0.745264 -1.475100 1.113150 -1.385720 0.355534 0.011190 -1.118210 -0.213021 3 0 2 0 1 7 9 11 8 5 6 5 4 14 2 10 16 7 15 1 1 14 10 6 1 6 17 3 10 6 7 13 6 9 9 6 6 1 5 18 12 11 5 6 0 6 15 3 12 14 2 0 2 11 16 9 14 5 2 8 17 6 4 6 3 2 2 5 7 13 17 9 5 3 9 13 4 7 8 16 15 6 7 2 7 2 3 3 6 4 4 3 15 15 15 14 12 15 19 18 9 20 13 7 17 7 10 15 17 6 14 17 16 14 7 
-0.186053 0.838105 0.780354 0.752231 0.439425 -1.033680 -1.434940 1.918930 -1.105390 0.225763 -0.383670 -0.708602 -0.563315 3 0 2 0 1 7 9 11 8 5 6 5 4 14 2 10 16 7 15 1 1 14 10 6 1 6 17 3 10 6 7 13 6 9 9 6 6 1 5 18 12 11 5 6 0 6 15 3 12 14 2 0 2 11 16 9 14 5 2 8 17 6 4 6 3 2 2 5 7 13 17 9 5 3 9 13 4 7 8 16 15 6 7 2 7 2 3 3 6 4 4 3 15 15 15 14 12 15 19 18 9 20 13 7 17 7 10 15 17 6 14 17 16 14 7 
-0.050174 0.999684 -0.060375 -0.298767 0.439425 -1.450290 -1.334540 0.307374 -1.140430 0.095992 -1.217260 -1.217080 -0.228944 3 0 2 0 1 7 8 9 7 5 6 5 4 12 2 8 14 7 12 1 1 11 8 5 1 6 15 3 9 6 6 11 5 8 8 6 6 1 5 16 10 9 5 6 0 6 12 3 10 10 2 0 2 8 13 8 11 5 2 8 14 6 4 6 3 2 2 5 7 10 14 8 5 3 8 11 4 6 7 13 13 6 7 2 7 2 3 3 6 4 4 3 12 13 12 11 11 12 15 15 8 16 12 9 15 6 8 12 15 6 12 14 14 12 8 
0.962743 0.380297 -0.243142 0.752231 -0.683988 -1.514380 -1.354620 0.387952 -0.982742 1.956040 -1.129520 -1.315950 -0.420013 3 0 2 0 1 7 7 8 7 5 6 5 4 15 2 11 17 7 16 1 1 15 7 5 1 6 18 3 8 6 6 14 5 8 7 6 6 1 5 20 13 8 5 6 0 6 16 3 13 13 2 0 2 12 15 7 15 5 2 8 18 6 4 6 3 2 2 5 7 12 18 10 5 3 7 14 4 6 6 17 16 6 7 2 7 2 3 3 6 4 4 3 14 16 16 15 9 19 17 19 10 18 9 7 18 6 11 16 18 6 15 18 17 11 7 
0.900980 1.816560 -0.389355 0.902373 -0.824415 -1.626550 -1.565450 1.274310 -0.772492 0.675635 -0.778531 -1.217080 -0.722540 3 0 2 0 1 7 7 8 7 5 6 5 4 9 2 7 10 7 11 1 1 10 7 5 1 6 11 3 8 6 6 10 5 8 7 6 6 1 5 12 9 8 5 6 0 6 10 3 8 9 2 0 2 7 11 7 10 5 2 8 12 6 4 6 3 2 2 5 7 9 12 7 5 3 7 10 4 6 6 11 10 6 7 2 7 2 3 3 6 4 4 3 9 10 11 10 9 11 13 13 7 14 9 7 11 6 7 10 11 6 9 12 11 11 7 
0.555106 1.224100 0.853460 1.052520 0.790492 -0.953567 -1.113670 0.549108 -0.229346 2.431870 -0.471417 -1.485450 -0.165254 3 0 2 0 1 7 7 12 7 5 6 5 4 16 2 11 18 7 16 1 1 15 7 5 1 6 19 3 8 6 6 14 5 8 7 6 6 1 5 20 13 8 5 6 0 6 17 3 14 13 2 0 2 12 17 7 16 5 2 8 19 6 4 6 3 2 2 5 7 14 19 10 5 3 7 14 4 6 6 18 17 6 7 2 7 2 3 3 6 4 4 3 16 17 17 16 13 17 20 20 10 21 9 7 19 6 11 17 19 6 15 19 18 15 7 
-0.223111 0.927871 -0.243142 0.001518 -0.824415 -1.306080 -1.374700 0.307374 -1.087870 2.250190 -1.041770 -1.217080 -0.197099 3 0 2 0 1 7 7 8 7 5 6 5 4 15 2 11 17 7 16 1 1 15 7 5 1 6 18 3 8 6 6 14 5 8 7 6 6 1 5 20 13 8 5 6 0 6 16 3 13 13 2 0 2 12 15 7 15 5 2 8 18 6 4 6 3 2 2 5 7 12 18 10 5 3 7 14 4 6 6 17 16 6 7 2 7 2 3 3 6 4 4 3 14 16 16 15 9 19 17 19 10 18 9 7 18 6 11 16 18 6 15 18 17 11 7 
0.715690 0.218717 1.182440 1.502940 0.369212 -1.193920 -1.193990 0.226796 -0.089179 1.558080 -0.954024 -1.146460 0.009893 3 0 2 0 1 7 7 12 7 5 6 5 4 16 2 11 18 7 16 1 1 15 7 5 1 6 19 3 8 6 6 14 5 8 7 6 6 1 5 20 13 8 5 6 0 6 17 3 14 13 2 0 2 12 17 7 16 5 2 8 19 6 4 6 3 2 2 5 7 14 19 10 5 3 7 14 4 6 6 18 17 6 7 2 7 2 3 3 6 4 4 3 16 17 17 16 9 17 20 20 10 21 9 7 19 6 11 17 19 6 15 19 18 15 7 
0.493343 2.032000 1.803850 1.653090 0.860705 -0.504914 -1.073510 -0.740141 -0.842575 1.488870 -1.261140 -0.976966 -0.372246 3 0 2 0 1 7 7 12 7 5 6 5 4 16 2 11 18 7 16 1 1 15 7 5 1 6 19 3 8 6 6 14 5 8 7 6 6 1 5 20 13 8 5 6 0 6 17 3 14 13 2 0 2 12 17 7 16 5 2 8 19 6 4 6 3 2 2 5 7 14 19 10 5 3 7 14 4 6 6 18 17 6 7 2 7 2 3 3 6 4 4 3 16 17 17 16 13 17 20 20 10 21 9 7 19 6 11 17 19 6 15 19 18 15 7 
-0.988975 0.622666 -0.170035 -0.148624 -0.262708 -1.674620 -1.545380 0.307374 -1.508370 0.191157 -1.305010 -1.104090 -0.754385 3 0 2 0 1 7 8 9 7 5 6 5 4 12 2 8 14 7 12 1 1 11 8 5 1 6 15 3 9 6 6 11 5 8 8 6 6 1 5 16 10 9 5 6 0 6 12 3 10 10 2 0 2 8 13 8 11 5 2 8 14 6 4 6 3 2 2 5 7 10 14 8 5 3 8 11 4 6 7 13 13 6 7 2 7 2 3 3 6 4 4 3 12 13 12 11 11 12 15 15 8 16 12 9 15 6 8 12 15 6 12 14 14 12 8 
-0.284874 0.048161 -0.316249 0.001518 -0.964842 -1.450290 -1.525300 0.951998 -1.666050 2.094460 -1.699870 -1.386570 -0.881765 3 0 2 0 1 7 7 8 7 5 6 5 4 15 2 11 17 7 16 1 1 15 7 5 1 6 18 3 8 6 6 14 5 8 7 6 6 1 5 20 13 8 5 6 0 6 16 3 13 13 2 0 2 12 15 7 15 5 2 8 18 6 4 6 3 2 2 5 7 12 18 10 5 3 7 14 4 6 6 17 16 6 7 2 7 2 3 3 6 4 4 3 14 16 16 15 9 19 17 19 10 18 9 7 18 6 11 16 18 6 15 18 17 11 7 
1.432140 0.155881 0.414820 0.151661 -0.613775 -0.985614 -1.334540 0.629686 -0.614804 2.007950 -1.480500 -1.273580 -0.276711 3 0 2 0 1 7 7 8 7 5 6 5 4 15 2 11 17 7 16 1 1 15 7 5 1 6 18 3 8 6 6 14 5 8 7 6 6 1 5 19 13 8 5 6 0 6 16 3 13 13 2 0 2 12 15 7 15 5 2 8 18 6 4 6 3 2 2 5 7 12 18 10 5 3 7 14 4 6 6 17 16 6 7 2 7 2 3 3 6 4 4 3 14 16 16 15 9 19 17 19 10 18 9 7 18 6 11 16 18 6 15 18 17 11 7 
0.876275 2.974540 0.305159 0.301803 -0.332922 -0.985614 -1.424900 1.274310 -0.930179 1.142810 -1.392760 -1.231210 -0.021951 3 0 2 0 1 7 7 8 7 5 6 5 4 9 2 7 10 7 11 1 1 10 7 5 1 6 11 3 8 6 6 10 5 8 7 6 6 1 5 12 9 8 5 6 0 6 10 3 8 9 2 0 2 7 11 7 10 5 2 8 12 6 4 6 3 2 2 5 7 9 18 7 5 3 7 10 4 6 6 11 10 6 7 2 7 2 3 3 6 4 4 3 9 10 11 10 9 11 13 13 7 14 9 7 11 6 7 10 11 6 9 12 11 11 7 
0.493343 1.412610 0.414820 1.052520 0.158572 -0.793334 -1.284340 0.549108 -0.316950 0.969783 -1.129520 -1.485450 0.009893 3 0 2 0 1 7 7 12 7 5 6 5 4 16 2 11 18 7 16 1 1 15 7 5 1 6 19 3 8 6 6 14 5 8 7 6 6 1 5 20 13 8 5 6 0 6 17 3 14 13 2 0 2 12 17 7 16 5 2 8 19 6 4 6 3 2 2 5 7 14 19 10 5 3 7 14 4 6 6 18 17 6 7 2 7 2 3 3 6 4 4 3 16 17 17 16 13 17 20 20 10 21 9 7 19 6 11 17 19 6 15 19 18 15 7 
0.332758 1.744740 -0.389355 0.151661 1.422410 -1.129820 -1.344580 0.549108 -0.422075 2.224240 -1.612130 -1.485450 0.280575 3 0 2 0 1 7 7 12 7 5 6 5 4 16 2 11 18 7 16 1 1 15 7 5 1 6 19 3 8 6 6 14 5 8 7 6 6 1 5 20 13 8 5 6 0 6 17 3 14 13 2 0 2 12 17 7 16 5 2 8 19 6 4 6 3 2 2 5 7 14 19 10 5 3 7 14 4 6 6 18 17 6 7 2 7 2 3 3 6 4 4 3 16 17 17 16 13 17 20 20 10 21 9 7 19 6 11 17 19 6 15 19 18 15 7 
0.209232 0.227694 0.012732 0.151661 1.422410 -1.033680 -1.354620 1.354890 -0.229346 1.834920 -1.568250 -1.400700 0.296498 3 0 2 0 1 7 7 12 7 5 6 5 4 16 2 11 18 7 16 1 1 15 7 5 1 6 19 3 8 6 6 14 5 8 7 6 6 1 5 20 13 8 5 6 0 6 17 3 14 13 2 0 2 12 17 7 16 5 2 8 19 6 4 6 3 2 2 5 7 14 19 10 5 3 7 14 4 6 6 18 17 6 7 2 7 2 3 3 6 4 4 3 16 17 17 16 13 17 20 20 10 21 9 7 19 6 11 17 19 6 15 19 18 15 7 
1.395090 1.583170 1.365210 1.502940 -0.262708 -0.392751 -1.274300 1.596620 -0.422075 1.791670 -1.524380 -1.428950 -0.595160 3 0 2 0 1 7 7 12 7 5 6 5 4 16 2 11 18 7 16 1 1 15 7 5 1 6 19 3 8 6 6 14 5 8 7 6 6 1 5 20 13 8 5 6 0 6 17 3 14 13 2 0 2 12 17 7 16 5 2 8 19 6 4 6 3 2 2 5 7 14 19 10 5 3 7 14 4 6 6 18 17 6 7 2 7 2 3 3 6 4 4 3 16 17 17 16 13 17 20 20 10 21 9 7 19 6 11 17 19 6 15 19 18 15 7 
